1016 56 368 88 136 96 120 120 200 88 136 96 136 112 80 24 136 352 104 104 128 128 16 144 128 128 128 128 128 128 224 128 128 128 128 128 128 128 224 128 128 128 128 128 128 128 216 128 128 128 128 136 120 128 208 128 128 128 128 144 104 128 216 120 128 128 128 128 128 128 224 128 128 128 128 128 128 128 224 128 128 128 128 128 368 208 128 128 128 128 128 128 112 216 128 128 128 128 128 128 128
1032
1032 216 128 128 128 128 120 128 136 120 16 152 128 128 128 128 128 16
1016 72 368 80 136 104 88 136 256 88 152 96 144 112 24
1016 88 136 344 96 144 96 136 112 256 104 352 96 136 24
1040 48 136 344 104 104 96 136 112 256 104 352 96 136 16
1016 56 104 352 104 104 104 96 136 256 88 368 104 128 24
1016 48 112 352 96 136 104 96 136 256 96 368 80 136 16
1024 96 136 128 104 96 136 104 96 136 248 104 352 96 136 24
1016 200 352 104 352 96 136 256 96 368 96 128 16
1024 192 96 376 96 128 104 88 136 256 88 136 88 136 128 24
1032 16 144 120 104 96 152 104 88 128 216 104 344 96 144 16
1016 16 128 352 96 136 104 96 136 256 104 336 96 136 16
1032 48 136 344 96 128 88 144 104 248 104 352 96 136 24
1024 80 136 120 104 80 152 96 136 112 32 128 96 368 104 104 16
1024 176 128 104 96 136 96 136 112 240 104 352 88 136 16
1032 40 136 352 96 128 104 96 128 248 96 368 88 136 16
1024 96 104 344 104 128 96 136 104 256 96 136 104 96 136 24
1016 200 128 96 136 112 88 136 112 256 88 136 104 80 136 24
1032 16 128 96 120 96 128 104 96 136 256 88 152 88 144 112 16
1032 200 352 96 136 104 96 128 248 96 368 104 88 16
1016 136 96 160 88 128 112 88 144 120 240 88 368 96 128 16
1024 16 128 352 104 344 96 136 256 96 368 96 152 16
1032 136 104 120 104 96 152 96 136 112 232 104 336 96 136 24
1016 200 352 96 376 96 136 256 88 376 104 128 32
1032 176 104 96 128 96 136 104 120 104 240 104 112 80 136 128 16
1032 160 352 96 136 104 96 136 24 368 104 352 96 40
1032 120 96 368 88 136 104 96 128 256 96 136 104 96 136 24
1016 24 136 352 104 352 88 136 24 128 112 104 88 136 96 24
1032 16 144 120 104 96 152 80 144 112 216 104 344 96 144 16
1016 16 128 344 96 136 104 88 136 16 128 96 136 112 88 144 16
1032 192 112 96 136 112 96 128 112 256 104 352 96 136 16
1024 56 128 352 88 384 88 136 200 96 136 104 88 136 96 16 152 136 128 128 128 128 128 16 152 128 128 128 128 128 128 224 128 104 128 144 128 128 128 224 360 128 128 128 128 128 216 128 120 128 128 128 128 128 208 136 120 128 128 128 128 136 184 128 128 128 128 128 128 128 216 128 128 120 128 128 128 128 224 128 128 112 128 136 128 128 208 128 128 136 128 128 128 128 216 128 128 128 128 128 128 128
1016
1024 224 128 128 128 112 144 128 128 128 16 152 128 104 128 136 128 16
1032 64 368 88 136 104 96 128 240 96 144 104 96 144 16
1016 88 136 352 88 120 104 96 136 256 96 136 80 144 112 16
1024 24 96 152 104 96 136 104 88 136 240 96 376 96 136 16
1032 24 144 352 88 152 88 144 120 32 120 88 152 96 104 120 16
1016 208 344 96 376 96 128 240 96 368 88 136 16
1032 192 88 152 104 96 128 96 136 112 32 120 96 128 104 104 120 16
1032 136 352 88 384 88 136 256 88 376 96 136 16
1016 184 96 144 104 96 136 104 88 128 16 376 96 136 128 112 24
1024 200 112 104 96 136 88 144 120 16 368 88 136 88 144 16
1040 24 128 352 88 136 104 96 128 256 96 152 96 136 112 16
1024 24 136 352 88 136 104 96 136 256 96 152 88 144 112 16
1016 16 136 120 96 136 128 104 96 136 240 88 376 104 104 24
1032 208 120 104 88 136 88 144 112 224 104 352 96 136 16
1024 48 104 120 104 88 136 88 144 112 248 104 344 96 128 16
1032 192 352 96 160 88 136 112 256 96 144 104 88 136 16
1032 80 128 344 104 104 104 96 136 256 104 104 104 96 128 16
1016 200 352 104 592 96 256 96 376 96 136 16
1032 216 88 160 80 144 112 96 136 112 256 80 384 128 128 16
1032 200 352 88 136 104 96 136 256 96 152 96 136 112 16
1016 88 136 120 104 96 144 104 96 136 240 96 360 96 136 16
1016 16 136 120 104 96 144 104 88 136 240 96 376 96 160 32
1032 24 144 104 104 96 136 88 152 96 240 120 112 80 144 104 16
1024 192 352 88 136 104 96 128 240 96 368 104 104 16
1016 112 88 376 104 104 96 136 112 256 96 384 88 160 16
1032 80 136 352 104 104 104 96 136 256 88 376 104 104 16
1016 40 136 352 96 136 80 144 112 240 104 352 96 128 16
1032 72 136 336 88 136 88 144 112 248 104 352 96 128 16
1024 56 128 352 104 344 80 136 240 96 368 96 136 16
1024 128 96 152 88 136 112 96 136 112 256 96 376 88 136 24
1032 16 128 352 96 384 88 120 256 96 368 96 136 24
1032 160 104 352 88 136 88 144 120 200 88 136 80 144 120 112 16 24 144 128 120 128 128 128 128 16 144 128 128 128 128 128 128 216 128 128 120 128 128 128 128 208 128 128 120 128 128 128 128 216 128 128 128 128 128 128 128 224 128 128 120 136 128 128 128 208 128 128 128 120 128 128 128 216 128 128 128 128 128 128 128 216 128 136 128 128 128 128 128 216 128 112 128 128 128 128 128 208 128 128 128 128 128 128 128
1016
1032 216 128 128 128 128 112 128 128 128 16 152 128 128 120 128 128 16
1024 56 152 104 96 144 104 88 136 240 96 376 96 136 16
1016 80 144 120 104 96 152 96 136 112 224 104 352 88 128 16
1032 16 376 88 144 112 96 136 112 256 88 384 96 136 16
1032 88 144 120 104 96 376 104 128 256 104 352 96 136 16
1024 48 136 352 96 136 96 136 112 248 96 368 96 136 24
1024 88 136 352 104 352 88 128 248 96 368 96 160 16
1024 136 96 144 96 136 128 96 144 120 248 104 96 120 88 136 16
1024 176 128 104 96 128 96 144 104 256 104 352 96 136 16
1032 48 136 344 88 128 96 136 112 248 104 352 88 136 16
1024 48 136 352 96 136 104 88 136 256 96 144 88 144 120 16
1024 24 136 128 104 96 136 88 144 112 40 120 88 376 104 104 24
1016 200 344 96 128 88 144 120 256 104 352 96 128 16
1024 112 96 368 104 104 96 128 120 256 96 368 88 128 16
1016 80 136 320 104 352 96 136 256 88 376 96 128 24
1024 112 104 352 96 136 344 104 248 112 112 96 144 96 24
1024 48 144 352 96 136 88 144 120 240 88 368 96 128 16
1016 88 144 120 104 96 136 104 96 128 256 96 368 104 104 16
1032 16 128 360 96 128 96 136 112 256 88 360 96 136 24
1032 88 128 344 96 128 104 96 136 256 88 136 96 136 112 16
1016 16 128 344 96 136 104 88 136 256 88 152 88 136 112 24
1024 32 144 112 104 88 152 104 96 128 240 96 368 88 160 16
1040 16 128 352 96 136 96 136 112 256 96 152 88 120 120 16
1008 32 136 120 104 96 144 104 96 136 232 96 376 96 136 16
1032 24 136 352 104 344 120 112 224 104 352 96 128 16
1032 104 104 112 104 96 128 96 144 120 248 104 352 96 136 16
1016 200 128 104 96 152 88 128 112 32 120 96 368 104 104 16
1016 16 128 352 88 136 96 136 112 256 96 368 104 104 16
1016 48 136 352 96 136 104 104 96 256 96 368 88 136 16
1024 96 128 128 96 136 112 96 136 104 256 96 136 96 136 112 16
1016 176 128 88 144 120 96 136 136 256 96 376 96 136 16
1024 56 128 352 88 120 104 96 128 216 112 104 128 96 128 128 16 24 152 128 128 120 128 128 128 24 144 128 128 112 128 128 128 200 128 128 128 136 128 128 128 200 128 128 128 128 128 128 128 208 128 128 136 128 104 128 128 216 128 128 128 128 128 128 128 216 128 128 128 128 128 128 128 216 128 128 128 120 112 128 128 208 128 128 128 128 120 128 128 216 128 120 128 128 136 128 128 208 128 136 128 128 120 128 128
1008
1032 224 128 128 128 128 136 128 128 128 24 144 128 128 128 120 128 16
1024 72 360 96 136 104 96 136 264 96 144 96 136 112 24
1032 72 144 352 88 136 96 144 120 256 96 136 96 136 104 16
1024 24 128 352 104 352 96 136 256 80 376 96 136 16
1016 112 104 352 96 136 96 136 112 256 104 352 88 136 24
1016 56 128 352 88 136 96 136 112 256 96 368 96 152 16
1024 88 136 120 104 96 136 104 96 128 216 96 136 112 88 136 16
1032 192 352 80 152 88 144 112 224 104 360 96 128 16
1024 120 104 344 96 128 104 96 136 256 88 376 96 160 16
1032 56 128 352 104 96 120 88 136 256 88 152 96 144 120 16
1024 32 128 352 96 376 96 128 256 96 368 88 160 16
1016 136 88 152 104 96 128 88 136 112 256 104 352 96 128 16
1016 16 128 344 104 104 104 96 128 256 96 368 104 96 16
1024 48 136 352 96 136 104 88 136 256 96 144 96 144 104 16
1016 32 128 352 104 96 128 96 136 248 96 144 96 136 104 16
1032 16 136 352 88 136 104 104 104 248 104 352 96 128 16
1032 48 136 584 128 88 144 104 248 96 128 104 88 136 16
1024 64 136 352 88 384 96 136 256 88 376 96 136 16
1032 136 96 152 96 144 112 96 136 104 256 96 368 120 104 16
1032 248 112 104 88 136 96 136 112 240 96 368 88 136 16
1016 56 128 352 104 104 104 96 128 248 96 368 88 160 16
1032 88 128 344 96 128 104 96 136 248 104 352 96 136 24
1024 56 144 120 104 96 152 80 136 112 216 104 352 96 144 16
1024 24 136 352 104 104 104 88 136 256 88 376 104 128 16
1024 40 144 352 96 136 88 128 112 256 104 352 96 136 24
1032 80 144 352 96 128 96 136 112 256 96 144 88 144 120 16
1024 24 136 352 104 104 104 96 128 256 88 152 104 96 128 16
1032 24 136 352 88 128 88 144 120 248 104 104 104 96 136 16
1032 16 104 344 104 344 96 128 240 96 368 104 104 16
1016 112 96 376 96 120 96 136 112 256 96 144 80 136 112 16
1016 24 104 352 104 352 96 136 256 88 368 104 104 16
1032 112 96 368 104 344 104 120 200 88 136 96 136 104 96 16 16 160 128 128 128 120 128 128 16 152 128 128 128 136 128 128 216 128 128 136 128 128 128 128 200 128 128 128 120 128 128 128 216 128 128 128 128 128 128 128 200 128 128 128 112 128 128 128 216 128 128 128 120 128 128 128 208 128 128 128 136 128 128 128 200 128 128 128 136 120 128 128 216 128 128 128 112 128 128 128 216 128 128 128 112 128 144 128
1016
1032 216 128 128 128 128 128 128 128 128 24 152 128 128 128 128 120 16
1024 72 376 104 352 96 136 256 80 376 96 128 16
1024 192 104 120 104 96 128 104 96 136 240 88 376 112 128 16
1024 200 128 104 88 152 88 144 112 224 104 112 104 96 136 16
1024 200 352 96 376 96 136 240 96 368 96 136 16
1016 200 88 136 104 96 136 96 136 112 24 128 120 96 144 120 128 16
1032 128 344 96 128 104 96 136 256 88 152 96 136 112 16
1032 56 128 344 96 136 104 88 136 256 88 152 96 136 112 24
1024 24 136 352 104 352 88 136 224 88 144 104 104 112 24
1016 48 112 352 96 376 104 112 256 104 352 96 152 24
1032 112 104 96 120 96 128 104 96 136 256 88 136 88 144 112 24
1024 184 136 96 136 112 88 128 104 256 96 376 96 128 16
1024 80 128 352 96 136 104 96 136 256 96 144 96 136 112 24
1032 16 128 352 96 136 104 104 104 216 104 112 104 88 152 16
1016 208 120 104 88 368 88 160 256 96 376 88 152 24
1032 128 96 368 104 104 104 96 136 16 136 104 96 152 104 88 24
1032 184 352 96 376 96 136 256 96 368 104 128 24
1016 192 80 368 104 352 96 136 16 368 104 344 128 16
1024 112 88 376 104 104 104 96 128 256 96 368 88 128 16
1032 80 136 352 96 136 104 96 136 256 88 152 96 136 112 16
1016 16 136 120 104 96 144 96 136 112 16 120 120 104 104 336 24
1016 184 352 104 96 128 96 136 256 80 152 96 136 112 16
1040 48 144 352 88 136 104 80 136 248 104 352 96 136 24
1008 88 136 112 88 128 128 104 96 136 240 112 344 96 136 16
1016 208 120 96 136 128 104 96 120 240 88 376 96 136 24
1032 72 136 352 80 136 96 136 112 248 96 152 96 136 104 24
1016 16 128 352 96 136 104 88 136 256 96 136 104 96 136 16
1032 24 136 352 88 120 88 144 120 256 96 152 96 144 112 16
1032 32 112 120 96 136 128 104 96 136 240 88 376 96 128 16
1024 16 128 352 96 128 80 136 112 248 104 352 88 136 16
1024 80 128 344 96 136 104 88 136 264 96 144 96 136 112 24
1024 16 128 352 96 136 104 96 128 200 96 136 104 96 136 88 32 16 152 128 128 128 128 120 128 16 152 128 128 128 120 112 128 216 128 128 128 128 128 112 128 216 128 120 128 128 128 112 128 216 128 128 128 128 128 128 128 184 128 128 136 128 128 128 112 224 128 120 128 128 128 128 128 192 128 128 128 128 128 128 112 208 128 128 128 128 128 128 120 216 128 128 128 128 128 128 136 208 128 128 128 128 136 128 120
1016
1032 216 128 128 128 128 128 128 128 128 16 144 128 128 128 128 128 24
1032 80 152 104 88 152 96 136 112 232 96 360 88 136 16
1016 88 128 352 104 352 88 136 256 96 368 88 160 32
1040 128 96 160 96 128 112 96 152 104 256 96 136 80 144 104 16
1032 192 344 96 144 104 96 136 240 88 368 104 104 16
1016 104 96 376 96 136 96 136 112 32 128 96 136 104 96 128 16
1024 200 352 96 136 104 88 136 256 96 368 104 104 16
1032 104 104 352 96 136 88 136 112 32 120 96 128 104 96 136 16
1024 184 120 88 144 120 96 136 112 256 104 104 104 96 136 16
1032 200 128 104 88 152 96 128 112 40 120 88 368 104 96 24
1032 24 144 120 96 128 128 88 144 112 240 104 352 96 128 16
1016 200 136 104 88 136 88 144 104 232 104 344 96 128 16
1016 56 128 352 80 136 104 96 128 248 104 96 120 88 136 16
1040 16 128 344 96 128 104 96 136 256 88 152 88 144 112 16
1016 24 128 352 352 88 144 112 256 104 352 96 128 16
1024 112 96 368 88 136 104 96 128 256 96 144 96 136 112 16
1024 16 128 128 104 96 152 96 136 112 256 104 352 80 136 24
1016 16 136 352 88 136 104 96 128 256 96 368 96 152 16
1032 80 136 352 104 344 112 112 256 104 352 88 120 16
1040 96 144 128 104 88 136 88 144 112 240 96 368 96 128 16
1032 24 136 352 88 136 104 80 136 240 104 128 96 136 104 16
1024 24 136 352 96 136 104 96 136 256 328 104 96 136 16
1024 48 136 352 96 136 96 136 104 256 104 352 88 136 16
1008 80 136 120 96 136 136 104 88 136 240 88 376 88 136 24
1024 16 144 120 104 96 152 104 96 136 240 96 368 88 160 16
1032 16 136 120 104 88 136 96 144 120 240 96 376 96 128 16
1016 32 112 120 104 96 144 104 96 136 240 88 368 96 128 16
1024 16 128 352 104 344 112 112 224 104 352 88 128 16
1024 104 96 120 104 88 136 96 136 112 16 120 112 88 144 112 96 24
1008 152 352 88 136 104 104 112 224 104 352 96 136 16 32
1048 48 112 344 96 128 104 96 136 256 88 376 104 104 24
1096 88 136 120 96 136 128 96 136 112 232 112 120 104 96 136 16
1040 168 344 104 344 96 128 256 96 368 88 160 24
1040 192 88 152 104 96 136 96 136 112 248 104 352 88 152 16
1056 200 352 96 128 104 96 136 256 88 136 104 96 128 16
1048 56 128 344 96 136 104 88 136 256 88 152 96 136 112 24
1048 32 128 352 96 376 96 128 240 104 344 96 128 16
1056 128 96 152 104 88 136 88 144 112 240 96 368 96 136 16
1048 32 136 336 96 128 104 96 136 256 88 152 88 144 112 16
1048 16 128 352 96 128 104 88 136 256 96 144 88 144 120 24
1048 32 136 344 104 352 96 128 256 80 368 96 152 16
1088 112 104 344 96 128 104 96 136 248 104 128 88 144 104 16
1096 200 128 96 136 352 96 136 200 104 344 112 112 96 216 96 144 112 128 16 152 16 216 128 128 128 128 128 128 24 216 128 136 128 128 128 128 128 216 128 128 128 128 128 128 128 216 120 128 128 128 128 128 128 216 120 128 128 128 128 128 128 216 120 128 128 128 128 128 128 192 128 128 128 128 128 128 128 200 144 120 128 128 128 128 128 216 128 112 128 128 128 128 136 208 128 120 128 120 16 144 136
1056
1048 216 128 128 128 136 120 128 128 128 16 144 128 128 120 128 128 24
1064 64 368 88 136 88 144 112 248 104 128 96 136 104 16
1056 56 128 352 96 136 104 96 128 256 96 144 104 88 136 16
1040 32 136 120 104 96 144 104 96 136 240 88 376 96 128 16
1032 16 144 120 104 96 152 96 136 112 216 104 352 96 136 16
1056 16 136 352 96 136 88 144 120 240 88 368 96 128 16
1064 80 128 352 96 128 104 80 136 256 96 136 104 96 128 16
1056 24 128 352 88 384 96 136 16 128 112 104 96 136 96 16
1056 24 144 120 104 96 136 104 88 120 256 96 368 96 136 16
1088 32 128 344 88 368 96 128 248 96 368 88 160 16
1104 136 88 152 104 96 128 96 136 112 200 96 128 96 136 112 104 16 16 16 144 128 128 128 24 144 216 128 128 128 128 128 128 128 232 128 128 128 128 128 128 136 208 128 120 128 128 128 128 128 224 128 128 128 128 128 128 112 208 128 128 128 128 128 136 120 224 128 128 128 128 128 128 136 224 128 128 128 128 128 128 128 200 128 128 128 128 128 128 128 224 128 128 128 128 128 128 120 24 16 144 128 128 128 24 144
1056
1048 216 112 128 128 128 128 128 128 128 16 152 128 128 128 128 128 16
1048 64 144 104 96 152 80 144 112 256 104 352 88 144 16
1064 72 144 88 128 96 136 104 88 136 256 96 128 96 136 112 24
1048 192 112 104 96 136 96 136 112 24 368 96 376 80 16
1048 88 128 144 88 136 112 96 136 112 256 88 128 104 96 136 24
1048 192 120 104 96 136 104 96 128 240 104 352 88 136 16
1056 48 144 104 104 88 136 96 136 112 240 104 336 96 128 16
1048 200 352 104 104 104 88 136 256 96 144 96 136 112 32
1064 48 128 112 96 144 112 88 136 104 40 128 96 136 80 144 112 16
1072 144 352 88 152 96 136 112 256 104 352 96 136 16
1120 104 96 136 104 88 120 96 144 112 200 88 136 104 80 136 96 16 16 144 128 128 136 16 144 24 224 128 128 128 144 120 128 128 216 128 128 128 128 128 128 128 216 128 128 128 128 120 128 128 16 24 16 24 16 16 16 144 208 128 128 128 128 136 128 128 216 128 128 128 120 128 128 128 216 136 128 128 104 128 136 128 192 128 128 128 136 128 128 128 216 128 128 128 112 128 128 128 232 16 24 16 24 144 16 16
1048
1040 216 128 128 128 136 128 112 128 128 16 152 128 128 128 136 128 24
1048 72 368 96 128 104 96 136 256 88 152 88 144 112 16
1048 80 136 352 96 152 96 136 112 256 104 352 88 136 16
1040 88 128 352 96 376 88 136 256 96 368 88 136 16
1064 136 96 152 104 96 136 88 144 104 256 104 352 96 136 24
1048 16 144 120 104 88 368 96 160 16 120 104 80 136 88 144 16
1032 200 104 96 136 112 104 96 136 248 96 152 88 144 112 16
1048 216 120 104 104 344 96 136 16 136 352 80 136 88
1048 120 80 152 104 88 152 88 144 112 224 104 352 96 128 24
1088 200 128 104 96 152 96 136 112 232 104 352 88 128 16
1096 48 128 112 104 96 136 104 96 136 240 96 136 112 88 144 120 16 16 144 128 128 128 128 16 144 208 120 128 128 128 128 128 136 216 112 128 128 128 128 128 128 208 128 128 128 128 128 128 128 216 136 128 128 128 128 128 128 200 128 120 128 128 128 128 128 208 128 112 128 128 128 128 128 200 128 136 128 128 128 128 128 216 128 128 128 128 128 128 128 208 128 136 112 128 128 128 128 16 152 120 128 128 136 16 144
1048
1040 232 128 128 128 128 128 128 128 128 16 152 120 128 128 128 128 16
1048 64 368 104 344 88 128 24 112 120 104 104 120 112 24
1048 56 128 352 88 136 96 136 112 256 104 344 96 128 16
1048 48 136 352 96 128 104 88 120 248 96 152 88 144 120 24
1048 32 128 352 88 128 104 88 136 16 112 352 96 152 104
1040 64 144 120 104 88 152 104 96 128 216 88 144 112 96 136 16
1040 192 352 88 360 88 160 256 104 344 104 128 16
1048 176 88 368 96 128 104 96 136 256 88 152 88 144 128 16
1048 24 128 352 104 104 96 128 112 256 88 376 80 136 24
1104 80 128 336 88 136 104 96 128 248 104 352 96 136 16
1072 56 128 352 104 344 104 112 200 96 128 96 136 136 80 216 16 144 128 128 128 16 144 216 128 128 128 128 128 128 128 216 128 128 128 128 136 128 128 216 128 128 128 128 128 120 128 208 128 128 128 136 128 112 128 216 128 128 128 128 128 128 128 216 128 128 128 128 128 360 216 128 128 128 128 112 128 128 208 128 128 128 136 112 128 128 216 128 128 128 128 120 128 128 216 16 152 128 128 128 24 144
1056
1040 216 128 120 128 128 128 128 128 128 16 144 128 128 128 128 120 16
1040 88 144 112 96 152 104 88 136 240 88 360 96 136 24
1056 88 128 136 104 88 136 104 96 136 232 104 352 96 128 16
1040 208 120 104 96 144 96 144 112 24 144 112 96 360 96 32
1056 24 136 352 88 384 96 136 16 112 120 104 96 384
1056 112 104 352 96 136 88 144 112 16 136 112 88 128 96 136 16
1056 192 128 88 144 112 96 136 112 256 96 136 104 96 136 16
1048 248 120 104 96 376 104 112 256 104 352 96 152 24
1048 112 96 376 88 384 96 136 232 104 352 96 136 16
