1024 64 376 96 128 104 88 136 200 96 128 104 88 136 96 24 16 144 344 104 120 128 128 16 160 120 128 128 136 128 128 208 128 120 128 128 128 128 128 232 128 112 128 128 128 128 128 208 128 120 128 128 128 120 128 216 128 136 128 128 128 128 128 208 128 128 128 120 128 128 128 216 128 128 120 128 128 128 128 216 128 128 120 128 128 128 128 216 128 128 136 128 128 128 128 208 128 128 128 128 128 128 128
1032
1016 224 128 128 128 120 128 128 128 128 24 144 128 136 128 128 128 16
1024 64 368 88 384 96 136 256 88 368 96 128 16
1024 200 104 104 104 96 128 96 136 112 256 96 368 128 128 16
1008 200 344 96 128 104 96 136 256 88 376 104 128 16
1032 104 96 128 104 88 136 80 144 120 256 96 136 96 144 104 16
1032 200 112 96 136 112 96 136 112 248 104 352 88 136 24
1008 48 120 352 104 104 104 96 136 240 96 368 104 96 24
1016 88 128 352 96 128 104 88 136 256 88 152 88 144 120 16
1024 16 128 352 96 376 96 128 256 96 368 88 136 16
1008 168 88 376 96 136 104 96 136 256 96 360 104 112 16
1024 64 128 352 88 136 104 96 136 256 96 152 96 136 112 32
1040 24 128 120 96 136 112 88 376 32 112 120 120 80 144 104 16
1008 192 352 88 152 96 136 112 256 104 352 96 136 16
1016 112 88 376 96 136 104 96 128 248 96 144 96 136 112 16
1032 32 128 352 104 352 96 128 256 96 368 96 152 16
1016 128 96 368 88 136 96 128 112 256 96 136 96 144 120 16
1024 16 136 344 96 136 104 88 136 40 120 96 136 88 144 112 16
1024 200 352 88 136 96 120 120 248 104 344 96 136 16
1024 112 104 352 96 128 96 136 112 248 104 104 104 96 128 16
1032 224 352 96 136 104 96 128 256 88 152 96 136 112 16
1016 80 136 120 104 88 144 104 88 136 240 88 376 96 136 24
1016 16 128 344 96 376 88 136 240 104 352 88 136 16
1016 128 88 368 336 88 144 120 256 96 368 96 128 16
1024 136 80 152 104 96 128 104 96 136 256 88 368 96 128 16
1016 16 128 352 96 136 96 136 112 256 88 152 88 128 120 16
1024 24 144 120 104 96 152 104 88 136 232 104 352 96 136 16
1024 200 344 104 104 104 96 128 248 96 144 104 96 128 16
1024 64 136 336 104 104 104 96 136 256 88 376 104 104 24
1016 32 144 352 96 136 104 80 136 216 96 136 112 96 144 16
1032 24 128 352 104 104 104 96 136 256 112 344 96 136 24
1024 40 128 120 104 88 136 96 136 104 200 88 136 96 136 112 96 32 24 144 128 120 128 128 128 128 16 152 128 128 128 128 128 128 208 128 128 128 128 128 128 120 216 128 128 128 128 120 128 120 216 128 128 128 128 128 128 120 208 128 128 128 128 128 144 120 224 144 128 128 128 128 128 128 208 128 128 128 128 128 128 144 216 128 128 128 128 128 128 128 216 128 128 128 136 128 128 128 200 128 128 128 128 128 72 96
1032
1024 216 128 128 144 128 128 128 128 128 24 152 128 128 128 128 128 16
1016 48 384 96 128 96 136 112 216 88 144 104 104 112 24
1024 80 104 352 104 352 88 136 240 96 368 96 160 16
1032 120 88 376 96 168 80 128 112 256 96 128 104 80 136 16
1016 32 128 344 104 352 96 128 248 104 352 96 128 16
1024 104 104 344 96 128 104 88 136 256 88 376 96 128 16
1024 72 136 352 96 136 96 136 112 256 88 144 96 136 112 24
1016 24 128 352 104 352 96 128 248 96 368 88 136 16
1016 136 96 152 104 96 128 96 144 120 16 368 96 144 96 136 16
1032 200 352 96 136 96 136 112 16 144 104 96 136 104 96 16
1016 16 128 112 88 144 104 104 112 104 24 120 120 104 80 152 104 16
1016 104 352 104 352 88 136 240 88 376 104 104 24
1024 168 88 376 104 96 120 88 136 256 96 152 104 88 152 16
1008 32 128 344 104 344 96 128 256 96 368 96 136 16
1016 120 88 152 104 96 128 88 136 112 240 88 376 96 136 16
1032 24 144 312 104 104 104 96 136 256 88 376 104 128 24
1016 32 136 128 104 96 136 104 88 128 256 96 128 104 88 120 16
1016 200 352 96 144 96 144 120 232 104 120 104 96 128 16
1024 48 120 352 88 384 96 128 232 104 352 96 136 24
1024 136 88 384 80 152 96 136 112 256 104 120 104 88 136 16
1016 200 352 104 352 88 136 248 96 368 96 160 16
1024 176 88 376 336 96 144 120 248 104 352 80 160 24
1016 120 88 368 96 136 104 96 136 256 96 144 104 88 136 16
1016 16 136 120 104 96 376 104 104 256 96 144 104 80 152 24
1032 16 376 104 96 136 96 136 112 248 104 352 96 128 16
1016 48 136 352 96 136 96 144 112 256 96 144 96 136 96 16
1016 48 112 352 88 136 104 96 128 248 88 368 88 160 16
1032 80 128 352 104 352 80 136 256 88 376 96 136 24
1024 136 88 376 104 352 96 136 256 96 368 96 136 16
1016 120 104 120 104 96 144 104 88 120 240 96 376 96 136 24
1032 16 128 344 96 368 96 128 248 96 368 88 160 16
1008 160 104 344 96 144 96 144 120 184 96 128 96 144 120 112 24 16 144 128 128 128 128 128 128 16 152 128 128 128 128 128 128 232 128 128 128 128 128 128 128 208 128 128 128 128 128 128 128 216 128 128 128 128 128 120 128 224 128 128 128 128 128 112 128 216 128 128 128 128 128 112 128 216 128 128 128 128 128 128 128 208 128 128 128 136 128 120 128 232 128 128 128 128 128 128 120 184 136 128 128 128 128 128 120
1016
1032 216 120 128 128 128 128 128 128 128 16 144 128 128 128 128 128 16
1016 64 376 96 128 88 128 112 256 96 152 88 144 112 24
1016 96 136 328 104 344 96 128 256 96 368 96 136 16
1032 120 88 376 104 584 104 256 104 120 104 96 120 16
1008 120 96 368 96 128 104 96 136 256 80 376 96 160 16
1024 80 128 128 96 136 112 88 144 104 256 96 136 104 88 136 16
1032 192 128 112 96 128 96 136 112 224 96 128 104 104 120 16
1016 200 352 104 352 96 136 216 96 136 112 96 136 24
1016 112 88 376 112 104 104 96 128 16 136 592 104 104 16
1032 48 136 352 96 136 96 136 112 240 104 352 88 136 16
1016 64 128 352 104 112 104 88 136 256 88 376 80 160 16
1032 72 144 352 88 136 104 96 128 248 104 352 96 128 16
1024 56 128 128 104 96 144 88 136 112 216 104 352 96 152 16
1008 16 128 352 88 384 96 136 264 80 376 96 136 16
1024 128 96 144 104 96 136 104 88 128 40 120 88 136 104 96 128 24
1024 160 352 96 152 104 96 128 248 88 376 96 128 16
1016 112 104 344 96 128 88 144 104 32 120 96 128 104 96 136 16
1024 184 128 104 80 136 96 136 112 248 96 376 88 136 24
1016 56 128 352 104 104 104 96 160 256 88 152 96 136 112 16
1008 240 352 96 136 88 144 112 240 96 368 96 136 16
1024 144 88 136 104 96 384 96 128 240 96 368 96 136 16
1024 88 144 344 96 368 88 160 256 104 352 88 152 16
1016 128 96 360 88 160 88 144 104 256 96 136 104 88 136 24
1016 16 128 344 96 368 120 112 40 120 88 152 104 96 128 16
1032 16 136 352 88 136 104 96 128 256 80 152 96 136 112 16
1040 16 128 352 96 128 104 80 136 256 96 152 88 144 120 24
1024 24 136 352 96 136 96 136 112 256 88 136 96 144 112 24
1024 16 144 120 104 96 152 104 88 120 232 96 368 88 136 16
1024 24 144 120 104 80 152 104 96 136 240 96 368 88 136 16
1016 16 128 128 96 136 128 104 96 136 232 96 376 96 136 16
1024 16 128 352 112 104 104 96 128 256 96 368 96 128 16
1008 88 136 120 104 96 144 104 88 136 208 96 128 104 88 136 96 32 136 128 128 128 128 128 128 16 144 128 128 128 128 128 128 200 120 128 128 128 128 128 128 200 120 128 128 128 128 128 128 224 136 128 128 128 128 128 128 208 128 128 128 128 128 128 128 216 120 128 128 128 128 128 136 208 120 128 128 128 128 128 128 216 120 136 128 128 128 128 128 208 136 120 128 128 128 128 128 216 128 112 128 128 128 128 128
1016
1016 224 128 112 144 128 128 128 128 128 16 152 128 128 128 128 128 16
1016 64 376 104 352 80 136 240 96 368 96 128 16
1024 200 96 128 88 136 112 96 136 112 256 88 376 104 128 16
1032 200 352 104 352 96 136 256 96 368 96 160 24
1016 184 96 144 104 80 136 88 144 112 256 96 360 96 152 16
1032 16 128 352 96 376 96 136 256 88 376 104 128 16
1016 112 120 112 88 144 96 144 352 16 128 120 104 80 152 104 16
1032 176 120 104 88 152 104 96 128 240 96 368 96 160 16
1016 56 128 352 104 112 104 88 136 256 88 376 80 136 24
1032 72 144 344 96 128 96 144 120 248 104 352 96 136 24
1016 48 136 344 96 128 88 136 112 256 104 352 328 16
1024 112 104 104 104 96 136 96 136 112 256 88 144 96 136 104 24
1032 168 352 104 104 104 80 136 256 88 152 88 144 136 24
1024 48 144 104 88 128 112 88 144 112 240 104 352 96 128 16
1032 224 352 96 136 104 96 120 32 120 96 128 88 144 120 24
1032 24 144 344 88 128 96 136 112 256 88 152 88 144 120 16
1016 16 128 352 96 128 104 88 136 256 88 152 88 144 112 16
1032 16 136 352 88 120 88 144 112 40 120 88 136 80 144 120 16
1032 216 112 104 96 136 88 144 120 248 104 352 96 128 16
1016 40 144 352 96 136 88 136 112 248 104 352 80 136 24
1032 80 136 344 96 136 96 136 112 248 104 352 88 136 16
1032 64 136 352 104 344 104 112 224 104 352 96 136 16
1016 112 96 376 96 128 104 88 136 256 88 376 104 128 24
1032 48 136 344 96 128 88 144 112 256 104 128 88 144 104 16
1016 16 128 128 104 96 368 96 136 248 96 360 104 128 16
1008 56 144 120 104 96 144 104 88 136 216 104 352 88 136 24
1016 16 128 344 96 136 104 96 136 256 96 160 88 136 112 24
1024 16 128 352 104 104 104 88 136 248 96 144 104 96 136 24
1016 200 128 104 96 144 96 136 112 232 104 352 88 136 16
1024 64 128 344 96 128 104 96 136 256 88 376 96 160 24
1032 80 136 352 96 152 80 144 112 16 128 112 96 136 104 96 16
1024 224 96 120 88 136 104 96 128 200 96 136 104 112 112 96 32 16 144 112 128 128 128 128 128 16 144 104 128 144 128 128 128 224 128 128 136 128 128 128 128 192 128 128 128 128 128 136 128 216 128 128 128 128 128 128 128 200 128 128 128 128 128 128 128 224 128 128 128 128 128 128 128 208 120 128 128 128 128 128 128 224 120 128 128 128 128 128 128 224 128 128 128 128 128 128 128 200 120 128 128 128 128 128 128
1032
1024 224 128 136 112 128 128 128 128 136 16 152 128 128 128 128 128 16
1024 64 368 96 376 112 104 256 96 376 96 136 24
1032 200 96 136 104 88 128 88 144 120 248 104 96 120 104 128 24
1032 176 112 104 88 152 104 96 136 232 96 368 96 128 16
1016 56 128 352 104 104 104 96 128 248 96 368 104 104 16
1024 48 96 136 104 96 128 104 88 136 24 136 112 104 88 136 96 40
1024 160 352 88 136 96 144 120 248 104 344 80 136 16
1008 128 96 368 104 344 96 128 256 96 368 88 136 16
1024 120 88 376 104 344 120 112 256 104 352 328 16
1016 168 96 368 96 136 104 96 136 256 88 384 96 152 16
1016 80 136 128 96 136 112 88 144 104 256 96 136 104 88 136 16
1024 200 352 96 152 104 88 136 240 96 368 88 160 16
1032 112 104 352 96 128 88 144 104 32 120 96 128 104 96 136 16
1008 200 352 88 144 96 136 112 16 368 88 144 96 136 16
1024 88 128 352 96 136 104 96 136 256 88 136 104 96 128 16
1032 16 128 352 88 120 88 144 112 16 376 104 96 120 88 16
1024 40 104 128 88 144 112 96 136 104 232 96 136 104 96 152 16
1016 192 352 96 168 88 136 112 24 136 112 96 376 96 32
1016 96 144 112 104 88 136 104 96 128 256 96 368 104 128 16
1008 24 104 352 96 376 88 136 240 104 96 136 96 136 16
1016 96 144 136 88 128 112 88 144 112 16 128 104 88 144 120 96 16
1032 152 352 88 152 96 136 120 240 96 368 96 160 16
1008 128 104 120 104 96 144 104 96 136 240 96 368 96 136 16
1016 208 120 96 136 112 104 96 136 240 96 376 96 136 32
1032 72 136 352 96 136 88 144 112 240 104 144 80 128 112 16
1024 200 352 96 136 104 88 136 248 96 128 104 96 136 16
1016 56 128 352 104 96 120 96 136 256 96 152 104 88 136 24
1032 24 136 352 96 376 96 136 256 88 376 96 160 24
1016 128 96 144 104 96 136 80 144 112 256 104 352 96 128 16
1024 24 128 336 104 104 104 88 136 256 96 368 104 104 16
1032 40 136 344 96 128 96 128 112 256 104 352 96 136 16
1024 80 128 352 88 136 104 96 128 200 96 136 104 96 128 96 32 16 152 136 128 128 128 128 128 24 144 120 128 128 128 128 128 216 128 128 128 128 128 128 128 200 128 360 128 128 128 128 216 128 128 120 128 128 128 128 200 128 128 128 128 128 128 128 224 128 128 120 120 128 128 128 200 128 128 120 128 128 128 128 224 128 128 128 128 128 128 128 208 128 144 136 120 128 128 128 216 128 128 128 120 128 128 128
1032
1032 216 128 128 128 120 128 128 128 128 16 144 136 120 128 128 128 24
1016 64 376 96 136 104 88 136 256 96 144 96 136 112 24
1016 88 136 120 104 104 120 96 136 112 256 104 352 88 136 16
1016 240 120 96 136 128 104 96 136 240 88 376 96 160 24
1016 48 136 352 96 136 96 136 112 256 96 152 88 128 128 24
1024 24 128 352 96 136 104 96 128 256 96 144 96 136 112 16
1024 16 128 344 96 128 96 136 112 32 120 96 128 104 96 120 16
1024 224 352 96 128 104 96 136 256 80 376 96 128 16
1024 128 96 368 88 160 96 136 112 256 96 136 104 96 136 16
1024 24 128 128 80 144 120 96 136 104 256 112 104 96 144 120 16
1032 168 352 88 384 320 256 96 376 96 128 16
1024 224 96 368 88 152 104 96 136 240 96 368 128 128 16
1032 64 136 352 104 104 104 96 136 256 96 152 88 144 104 16
1008 240 352 96 360 96 152 248 104 336 104 136 24
1016 176 88 368 96 136 104 96 136 248 96 144 96 136 128 16
1024 16 128 352 96 376 120 112 256 104 352 80 136 24
1024 120 96 360 88 384 96 136 248 104 352 96 136 16
1024 128 96 368 96 136 104 88 136 256 88 136 104 96 128 16
1032 24 128 352 96 136 104 96 136 248 88 144 96 136 112 16
1016 16 128 352 96 136 104 96 128 248 96 144 96 136 112 16
1032 16 144 360 96 128 96 136 112 248 104 344 88 136 24
1032 48 144 344 96 128 104 96 136 256 88 152 88 144 112 32
1040 16 128 112 96 144 112 96 368 32 120 120 112 80 144 104 16
1024 192 120 104 96 136 104 88 136 248 96 368 104 128 16
1024 40 128 112 104 96 136 96 136 112 256 104 352 88 136 16
1024 16 128 344 96 128 96 136 112 248 96 376 96 136 16
1024 88 128 128 96 136 112 88 136 104 256 96 136 104 96 128 16
1024 200 344 96 152 104 88 136 240 96 368 88 160 16
1016 128 96 368 104 344 88 128 256 96 368 88 136 16
1016 136 104 120 96 128 128 104 88 136 240 96 368 96 136 24 48
1048 192 128 104 88 136 88 144 120 240 104 96 120 88 136 16
1104 224 344 96 128 104 96 136 256 88 152 88 144 112 32
1048 56 136 352 104 104 104 96 136 256 96 376 96 136 16
1040 88 112 120 104 96 144 104 88 136 240 88 376 104 104 24
1056 200 352 96 136 104 96 128 248 96 144 96 128 112 16
1048 72 144 352 96 136 88 144 120 248 104 352 96 136 16
1048 56 136 120 104 96 144 88 136 112 232 104 352 112 120 16
1064 200 352 88 384 88 136 256 88 376 96 136 24
1048 184 96 144 104 96 136 96 144 112 256 104 352 104 128 24
1048 200 352 96 136 104 88 136 256 96 368 104 128 16
1048 112 96 368 104 352 96 120 240 88 376 96 160 24
1080 136 104 120 104 80 152 96 136 112 232 104 120 104 88 136 24
1064 160 352 104 352 88 168 192 96 136 104 88 136 88 224 96 384 128 24 144 16 208 128 128 128 128 128 120 16 224 128 128 120 128 128 128 128 216 128 128 128 128 128 128 128 216 120 128 136 128 128 104 128 224 128 128 128 128 128 120 128 224 128 128 128 128 128 112 128 192 128 128 128 128 128 136 128 184 136 128 128 128 128 360 224 128 128 128 128 128 128 120 208 128 128 128 128 16 152 120
1040
1048 216 120 128 128 128 128 128 128 136 16 152 128 128 128 128 128 16
1048 64 368 104 104 96 128 120 256 96 368 88 128 16
1040 136 104 320 104 352 96 136 256 88 368 96 128 16
1048 104 104 104 104 96 136 96 136 112 240 104 352 88 120 16
1056 232 352 96 136 88 144 120 240 88 152 96 136 104 16
1056 48 136 344 96 128 96 136 112 256 104 352 96 136 16
1048 88 128 136 88 128 128 96 144 112 232 96 384 96 136 16
1048 16 128 352 96 384 88 136 24 128 120 104 88 136 88 16
1072 32 144 104 104 104 112 96 376 32 112 120 112 80 144 104 16
1072 168 128 104 96 144 104 96 136 240 88 368 96 128 16
1096 56 128 352 96 120 104 88 136 200 96 160 96 128 112 96 24 24 16 160 128 112 136 16 152 224 128 128 128 104 128 136 128 216 128 128 136 112 128 128 128 224 128 128 128 120 128 128 120 232 128 128 120 136 128 128 128 208 128 128 144 112 128 128 128 216 128 128 128 120 128 120 128 224 128 128 128 120 128 128 128 192 128 128 128 120 136 128 128 216 128 128 128 128 128 128 128 24 16 144 128 120 128 16 144
1048
1048 216 128 120 128 128 128 112 128 128 16 144 128 136 128 120 128 16
1048 80 368 88 136 88 144 112 248 104 352 96 136 16
1056 112 104 352 96 136 104 80 136 248 104 128 88 144 112 16
1048 224 352 96 128 104 96 136 24 144 96 128 344 96 16
1056 88 128 136 96 136 112 88 144 88 256 96 376 96 128 16
1064 40 128 136 104 88 128 96 136 112 256 104 96 120 96 136 16
1024 184 136 104 88 136 104 96 136 248 104 352 96 128 16
1048 48 112 352 104 120 104 96 136 240 96 376 96 136 16
1056 80 104 352 104 104 104 96 136 256 88 368 104 128 24
1080 40 136 96 128 96 136 96 136 112 256 96 144 96 128 112 16
1120 224 344 96 128 104 96 136 200 96 128 104 96 136 96 24 16 104 120 128 128 16 152 16 224 112 136 128 128 128 128 128 216 112 128 128 128 128 128 128 216 128 128 128 128 128 128 128 16 24 16 24 16 16 16 144 200 128 112 128 128 128 128 128 208 128 120 128 128 128 128 128 216 128 136 128 128 128 128 128 192 128 128 128 128 128 128 128 200 128 128 120 128 128 128 128 216 24 16 24 16 144 16 16
1056
1040 232 128 120 128 136 128 128 128 128 16 152 120 128 128 128 128 24
1048 64 368 104 352 88 128 232 104 352 88 136 16
1056 192 96 376 88 152 104 96 128 232 344 96 136 128 16
1040 56 128 136 104 88 152 104 96 128 224 104 352 96 136 24
1048 16 128 352 80 384 96 136 256 96 376 96 128 16
1040 160 104 352 96 136 96 136 112 32 128 96 152 104 88 144 16
1056 192 344 104 336 96 128 248 96 144 88 136 112 16
1056 112 88 376 88 136 88 144 112 16 128 112 88 144 112 96 16
1056 192 112 96 136 112 88 136 112 256 104 352 80 136 16
1080 64 128 336 96 128 104 96 136 256 88 376 104 104 16
1096 56 128 344 104 336 120 120 208 104 112 104 88 376 16 16 152 128 128 128 136 16 144 216 128 128 128 128 128 112 128 216 128 128 128 128 128 120 128 216 128 128 128 128 120 128 128 208 128 128 128 128 128 128 128 200 128 128 128 128 128 128 120 216 128 128 128 128 128 128 120 208 128 128 128 128 128 128 128 216 128 128 128 128 128 128 128 208 128 128 136 128 128 128 128 16 152 128 128 128 128 24 144
1056
1048 224 128 128 128 128 128 128 128 128 24 144 128 128 128 128 128 16
1048 72 152 112 96 144 96 136 112 24 120 352 96 368 16
1056 88 136 128 104 96 136 96 136 112 256 104 352 96 136 32
1048 224 104 104 96 136 88 152 104 240 120 120 80 136 104 16
1056 224 352 88 136 96 136 112 16 128 112 96 136 112 96 32
1040 16 128 352 104 96 120 96 128 16 128 96 136 112 88 144 16
1048 216 112 104 96 136 96 136 112 16 136 120 104 96 128 104
1048 200 352 96 376 88 136 256 88 376 96 136 24
1056 208 96 376 96 136 104 88 136 256 96 368 112 128 16
1080 48 136 344 96 128 96 128 112 32 128 96 128 104 96 136 16
1080 200 352 96 384 88 136 200 96 128 104 88 136 96 224 24 152 128 128 128 24 144 216 128 136 128 128 120 128 128 224 128 120 128 128 128 128 128 216 128 120 128 128 136 128 128 208 128 128 128 128 128 128 128 224 128 128 120 128 128 128 128 208 128 120 112 128 128 128 128 216 120 128 128 128 128 128 136 208 128 128 128 128 120 128 128 216 128 128 128 128 128 128 136 224 248 128 128 128 16 152
1064
1048 216 128 128 128 112 128 128 128 128 16 144 128 128 128 128 128 24
1056 64 144 104 96 152 104 96 128 216 104 344 96 128 16
1064 48 144 352 88 120 96 136 112 256 96 152 80 144 112 16
1040 32 104 352 104 352 96 136 24 144 104 96 368 104 32
1048 56 128 344 96 136 104 88 136 16 112 120 104 576 16
1056 80 144 120 104 96 152 104 96 136 16 136 112 88 144 112 96 16
1048 136 128 104 96 136 96 136 112 256 104 352 96 128 24
1048 48 136 104 96 136 112 96 136 112 256 80 152 88 144 120 16
1048 192 344 96 144 104 80 136 240 88 376 104 120 16
