1024 48 376 104 112 104 96 136 200 96 136 104 96 144 96 32 24 104 352 104 112 128 136 16 152 128 136 136 128 128 136 216 136 128 128 128 136 128 128 216 128 136 136 128 128 136 128 216 136 128 128 136 128 128 136 216 128 136 128 128 136 136 128 216 128 128 136 128 128 128 136 200 128 136 120 128 136 136 128 216 120 128 136 128 128 136 136 208 136 128 120 136 136 128 128 224 128 136 136 128 128 136 128
1016
1024 216 128 120 128 128 136 136 128 128 16 152 128 128 136 136 128 8
1024 80 144 104 104 112 104 88 136 256 96 376 104 136 16
1016 64 136 360 96 376 104 112 256 88 376 104 136 16
1016 112 104 128 104 96 136 104 104 96 248 96 144 104 96 136 16
1024 184 352 88 136 104 112 120 248 104 120 96 144 112 16
1016 24 136 120 104 96 144 104 96 136 248 104 352 96 136 16
1024 216 352 104 112 96 144 112 256 96 160 96 136 120 16
1016 56 112 128 104 96 152 96 144 120 248 104 360 96 144 16
1008 16 112 352 104 352 96 136 256 96 376 96 136 16
1016 136 104 352 96 136 104 112 120 256 96 376 104 112 24
1032 32 136 360 104 112 104 120 112 32 120 96 152 104 104 96 24
1008 184 128 104 96 152 96 144 120 32 128 88 376 96 136 16
1024 16 144 128 104 96 144 104 88 144 248 104 352 96 136 16
1024 8 160 120 88 136 112 104 112 120 248 104 352 104 112 16
1016 224 128 104 96 136 96 144 104 256 104 112 104 96 136 16
1016 200 360 88 152 96 144 120 32 120 104 344 96 144 16
1024 72 144 112 104 104 104 104 112 120 8 160 120 104 96 376 16
1016 176 352 104 104 96 136 112 32 120 104 128 104 104 112 16
1024 216 360 104 112 104 96 136 32 128 96 376 104 120 16
1024 48 144 128 104 104 144 88 136 104 248 104 352 88 128 8
1024 16 136 120 104 96 144 96 144 120 256 104 104 104 120 112 16
1024 160 128 104 96 144 104 112 120 256 104 112 104 96 128 16
1024 216 136 88 144 112 104 120 112 256 88 376 104 112 16
1016 32 136 352 104 136 96 144 120 32 128 104 128 104 96 144 16
1024 184 352 104 136 96 136 104 16 136 120 88 136 120 96 16
1024 224 352 96 136 104 112 120 256 96 152 96 144 112 32
1032 56 136 136 96 136 120 96 144 120 16 144 128 104 104 112 104 16
1024 104 112 104 104 112 104 104 112 32 120 96 136 104 96 144 16
1032 160 128 104 96 136 96 136 120 16 136 96 136 112 96 144 8
1032 224 352 104 352 96 136 256 96 376 104 112 16
1024 160 104 352 96 136 88 136 120 200 120 112 96 144 112 128 16 24 152 128 128 128 128 128 136 16 152 128 128 136 128 120 136 216 128 136 136 128 120 128 128 224 128 128 136 128 120 136 128 208 136 136 128 128 120 128 136 216 128 128 136 128 136 136 128 208 136 128 128 136 128 128 136 216 128 136 128 128 128 112 128 224 128 128 136 136 128 120 128 200 128 136 128 128 136 128 128 224 128 128 136 136 128 128 128
1024
1016 216 136 128 128 136 128 128 120 128 16 152 128 136 128 128 128 16
1008 80 144 88 144 352 96 144 16 136 104 96 136 96 144 16
1024 24 136 128 104 96 136 104 96 120 256 104 128 104 96 136 16
1008 184 352 88 136 104 112 120 256 104 136 96 144 120 16
1016 24 144 128 104 104 112 104 96 136 32 120 96 376 104 128 16
1024 176 128 96 144 104 104 96 144 248 96 376 104 112 16
1008 48 128 352 104 112 104 112 120 32 128 96 152 104 96 136 16
1016 184 128 104 96 136 104 96 136 256 104 352 88 128 16
1024 56 128 360 104 136 96 136 112 16 152 104 96 152 96 136 24
1008 192 128 104 96 160 96 136 120 16 144 112 104 120 96 136 32
1024 184 120 104 104 112 104 96 136 256 88 376 104 112 16
1024 32 144 128 104 96 136 96 136 112 248 104 128 104 104 112 16
1016 168 352 104 136 96 136 112 256 104 120 104 96 136 16
1016 32 136 128 104 104 112 104 96 112 32 128 96 376 104 128 16
1024 184 104 104 88 128 104 120 112 248 104 128 104 96 144 16
1016 200 352 104 112 104 96 136 32 128 104 128 104 96 136 16
1024 224 128 104 96 128 104 112 112 248 96 136 88 136 112 16
1032 16 96 376 104 104 96 136 120 32 120 104 128 104 96 136 24
1008 192 128 104 96 152 88 144 112 256 96 376 88 136 16
1016 80 136 336 104 112 104 96 136 256 96 376 104 112 16
1032 40 128 352 104 112 104 120 112 32 120 96 160 104 96 128 16
1008 184 352 96 160 96 144 120 32 120 88 376 96 144 16
1024 80 144 352 96 144 104 96 144 248 104 352 96 136 16
1024 80 144 128 104 104 112 104 112 120 256 104 336 104 112 16
1008 192 128 104 104 128 104 96 136 264 96 376 96 144 16
1024 56 128 112 96 144 112 96 152 112 40 112 112 112 88 144 104 16
1024 128 128 96 136 120 104 112 120 32 128 96 152 104 96 144 16
1008 176 128 96 144 352 96 136 256 104 128 112 88 160 16
1024 56 144 128 104 96 152 104 96 144 232 104 128 104 104 104 16
1032 152 352 104 136 80 144 120 32 120 96 136 104 104 112 16
1032 200 120 96 136 120 104 96 136 248 96 376 96 136 24
1016 64 136 120 104 104 112 104 88 136 208 96 136 96 144 112 88 32 8 176 136 128 128 128 112 128 16 152 136 136 128 128 128 128 232 120 128 136 136 128 128 128 208 136 136 128 128 136 120 136 208 128 128 136 128 128 136 120 216 136 128 128 136 128 128 136 216 128 136 128 128 136 136 120 224 128 128 136 136 128 136 128 216 136 128 128 128 128 128 136 216 128 136 136 128 128 136 128 216 136 128 128 136 128 128 136
1016
1016 224 128 136 128 128 136 136 128 120 16 152 128 128 136 136 128 24
1016 80 144 104 88 368 96 144 248 104 352 104 112 16
1024 120 96 144 104 104 352 96 136 256 96 376 104 112 16
1008 40 144 128 104 96 128 104 96 136 256 104 352 104 112 16
1024 216 352 104 136 96 136 104 32 120 104 104 104 96 144 16
1032 224 128 96 136 112 104 112 120 248 96 376 88 136 16
1016 48 384 96 136 120 104 112 120 248 96 376 96 136 16
1016 72 144 128 104 96 152 104 96 136 16 144 96 144 112 104 96 16
1032 152 128 104 96 136 96 144 120 16 144 128 104 104 128 104 8
1016 176 128 104 96 160 96 144 120 248 104 120 104 104 136 8
1024 16 112 352 104 104 104 120 112 248 96 360 104 136 16
1024 24 136 128 104 104 112 104 96 128 256 96 376 96 136 16
1024 16 136 360 88 136 96 144 120 32 128 104 352 96 136 16
1024 24 128 128 96 144 112 104 96 136 32 128 96 376 104 136 16
1032 184 352 96 136 96 144 112 256 96 376 104 112 16
1008 128 80 376 104 128 96 144 112 24 128 96 144 104 96 136 16
1016 192 128 104 96 152 88 128 112 248 104 352 88 128 8
1032 80 144 336 104 104 96 136 120 256 96 376 104 112 16
1008 48 136 128 104 96 152 112 80 144 248 104 352 96 136 16
1024 16 136 360 96 136 96 144 112 32 128 88 128 104 96 136 16
1032 200 352 96 136 104 88 136 248 104 352 96 144 16
1016 120 96 384 96 160 96 136 104 256 96 144 104 96 136 8
1024 32 136 120 104 96 144 96 136 112 248 104 128 104 96 136 16
1024 168 120 96 144 112 96 376 16 128 112 112 88 136 104 16
1016 16 112 352 104 352 96 136 32 128 104 360 96 160 16
1016 72 136 128 104 96 152 96 136 120 248 104 120 104 96 136 16
1024 184 352 96 136 104 112 120 256 96 152 96 144 112 16
1016 48 136 352 96 136 88 144 112 32 128 96 152 104 96 128 16
1024 216 344 104 352 96 136 264 88 376 104 104 8
1024 176 104 128 104 104 112 96 120 104 256 96 376 104 128 16
1032 224 128 88 136 360 96 144 248 96 376 104 112 16
1024 104 104 128 104 96 136 96 136 104 200 104 112 96 144 112 104 24 24 152 128 128 128 128 136 136 16 152 136 128 128 128 136 112 200 136 128 128 136 136 128 128 208 128 128 136 128 128 136 128 216 136 128 128 136 136 128 128 200 128 136 128 128 128 136 128 224 128 128 136 128 128 128 128 216 136 128 128 136 136 128 128 200 128 136 128 128 128 136 128 208 128 128 136 136 128 128 136 216 136 136 128 128 136 128 128
1024
1016 216 136 128 128 128 136 128 128 136 16 152 128 128 136 128 128 24
1016 72 376 96 120 96 136 120 248 104 344 104 112 16
1024 120 88 144 104 104 112 104 96 136 32 128 104 352 96 160 16
1016 168 352 104 112 96 144 120 32 128 104 128 104 88 128 16
1024 200 120 104 96 136 96 144 120 248 104 112 96 136 120 16
1016 216 120 104 104 112 88 144 112 256 96 376 112 128 16
1016 48 136 352 96 152 96 144 112 256 88 152 96 144 120 16
1016 16 136 128 104 104 352 88 128 24 128 96 376 96 152 24
1032 32 128 352 96 160 96 144 120 32 120 104 336 96 144 16
1008 16 136 128 104 104 352 96 136 24 128 96 376 96 136 24
1024 32 136 128 104 88 376 96 144 248 104 352 104 112 16
1024 48 136 360 104 112 104 112 112 32 128 104 128 104 96 144 24
1016 160 120 104 104 336 104 112 264 96 376 104 136 16
1016 96 136 352 104 112 104 96 144 240 96 376 96 152 16
1024 80 136 352 104 112 88 144 112 248 104 104 104 88 136 16
1008 224 120 104 96 136 96 144 120 32 128 104 352 96 136 8
1024 16 136 136 104 96 144 96 128 120 248 104 104 104 96 136 16
1032 184 352 104 112 96 136 120 248 88 368 104 112 16
1016 96 136 128 96 136 120 104 104 112 248 96 376 96 136 16
1016 16 136 368 88 136 96 144 112 32 128 96 128 104 96 136 8
1032 216 136 104 96 136 96 144 120 248 104 104 96 136 120 24
1008 192 120 104 96 376 104 112 32 120 96 384 96 152 24
1016 88 136 128 96 136 136 104 96 136 24 136 136 96 136 112 96 16
1032 144 128 104 96 136 104 112 120 256 104 352 88 128 16
1008 48 128 352 104 128 96 144 112 256 96 152 104 96 144 16
1016 16 104 352 104 112 88 136 112 16 128 104 96 144 104 120 16
1024 184 352 96 136 104 112 120 216 96 144 112 96 152 24
1016 48 136 352 96 136 104 88 136 256 96 376 104 120 16
1016 80 136 352 104 112 104 112 112 256 104 352 104 104 8
1032 32 128 352 104 112 104 112 104 32 120 96 160 104 96 136 16
1032 184 352 88 128 96 136 120 16 376 88 376 104 16
1008 120 96 376 104 128 96 144 136 184 104 112 104 112 120 88 24 16 160 128 128 136 128 128 136 16 152 120 136 128 128 128 136 216 136 128 128 136 128 128 136 200 128 136 136 128 128 136 112 232 128 128 136 136 128 128 136 192 128 136 136 128 128 136 112 216 136 128 128 136 128 128 120 216 128 136 128 128 136 136 128 224 128 128 136 128 128 128 128 224 136 120 128 136 136 128 128 224 136 136 128 128 136 136 120
1032
1008 224 120 128 128 136 128 128 128 136 16 152 136 136 128 128 136 24
1016 72 376 104 352 96 136 256 96 376 96 136 16
1024 208 104 112 104 96 136 104 96 144 256 96 376 120 128 16
1016 216 352 96 136 104 96 136 256 104 352 96 120 16
1024 120 96 376 104 136 96 136 104 248 88 160 104 96 136 16
1024 8 152 352 104 104 104 96 136 256 96 376 104 136 16
1016 80 136 120 96 136 104 104 112 120 248 96 360 104 112 16
1016 224 128 104 96 136 104 96 136 256 104 352 96 144 16
1024 72 136 352 88 160 96 136 104 256 96 368 104 128 16
1016 80 144 352 96 144 104 96 136 248 104 360 96 144 16
1024 64 136 120 96 136 96 128 120 112 248 96 376 120 112 16
1024 16 144 128 104 96 136 104 96 144 248 104 352 96 136 16
1008 16 112 360 104 352 104 112 32 120 96 376 104 136 24
1016 72 128 120 104 96 152 104 96 144 16 112 104 120 112 104 120 8
1024 136 352 96 144 104 80 144 248 96 376 96 136 16
1008 144 96 368 96 136 104 120 112 24 376 96 376 104 16
1016 72 128 352 104 112 104 112 104 232 96 136 112 96 144 16
1032 200 368 88 160 96 136 104 24 144 104 88 144 104 96 16
1016 24 136 128 104 104 104 96 136 112 24 128 96 376 104 128 16
1016 176 128 104 104 112 104 96 136 16 128 96 144 104 96 152 24
1024 176 120 104 104 128 104 96 136 16 144 112 104 96 144 96 32
1016 176 128 104 96 136 104 96 136 248 104 360 88 128 16
1024 80 136 352 104 136 96 144 112 256 96 368 104 136 16
1024 48 136 352 104 352 120 112 32 128 96 376 104 112 24
1016 72 128 352 104 128 96 144 112 256 80 376 104 136 16
1016 48 144 352 104 352 88 128 32 120 96 376 104 112 24
1016 88 136 360 96 368 104 112 256 96 368 104 136 16
1016 112 96 376 104 104 104 120 96 256 96 376 104 112 16
1016 64 144 352 88 136 104 112 112 248 104 352 104 104 8
1016 48 144 128 104 104 128 96 136 144 16 136 128 96 144 120 96 32
1032 136 352 96 120 96 144 112 248 104 352 104 112 16
1024 104 88 376 96 144 104 96 136 192 104 112 96 144 112 104 16 24 152 136 120 128 136 136 128 16 152 136 128 128 136 128 128 208 128 128 136 128 128 136 136 232 128 128 136 128 128 128 136 216 128 136 128 128 136 128 128 208 128 128 136 136 128 128 136 200 128 136 128 128 136 136 120 216 120 128 136 128 128 128 136 208 128 120 128 128 136 128 128 224 128 128 136 128 128 136 136 216 136 128 128 136 128 128 128
1024
1016 216 128 128 128 128 136 128 128 136 24 144 128 136 136 128 128 16
1024 72 376 96 144 96 136 120 248 104 352 96 128 16
1024 136 96 152 104 96 160 104 96 136 256 96 376 96 136 16
1016 16 136 120 104 104 112 104 104 112 256 96 376 104 104 16
1016 224 128 104 104 112 104 120 104 256 96 360 104 104 8
1024 32 136 128 96 136 136 96 136 104 248 96 152 104 96 136 16
1016 200 128 96 136 104 104 112 120 248 104 352 104 112 16
1016 16 136 128 104 96 136 104 96 136 32 120 96 376 104 136 16
1024 184 360 104 96 120 120 120 248 96 384 96 144 24
1032 128 80 376 104 136 96 136 112 224 96 376 104 112 16
1016 48 136 128 104 104 128 88 144 112 256 96 376 104 136 16
1024 200 120 104 96 136 96 144 120 32 128 96 376 104 104 8
1008 24 128 128 96 144 352 88 136 248 104 352 96 128 16
1024 88 144 352 104 112 104 112 120 248 104 352 104 112 16
1032 16 136 120 104 96 144 96 152 104 248 104 112 104 96 136 16
1008 184 360 88 136 104 112 120 248 104 120 96 136 120 16
1016 32 128 120 104 104 112 104 96 136 32 120 96 376 104 136 16
1016 176 128 104 104 112 104 96 144 248 104 344 104 112 16
1016 24 96 376 104 136 96 136 112 256 104 128 104 96 136 24
1016 8 152 128 104 96 152 104 96 136 256 104 128 104 88 160 16
1024 192 352 104 352 96 136 248 96 376 104 104 8
1016 176 104 128 104 96 136 96 136 120 248 104 104 104 104 120 16
1024 160 352 96 144 104 96 136 256 88 376 96 136 16
1024 128 96 376 96 152 96 128 120 32 128 104 128 104 96 136 16
1040 200 128 88 144 112 104 112 112 248 104 136 96 136 120 16
1016 192 352 104 112 104 96 120 32 120 96 376 104 128 16
1024 64 136 128 104 88 128 96 136 120 248 104 128 96 136 112 16
1008 168 352 96 136 104 112 120 24 128 104 112 104 96 136 16
1024 224 128 104 96 128 104 112 120 256 104 352 104 112 16
1032 32 112 352 96 144 104 96 136 256 96 376 104 112 16 48
1064 32 144 120 104 96 136 96 144 112 32 112 104 112 104 104 104 16
1112 104 352 104 352 112 112 32 128 96 368 104 104 16
1048 104 96 384 96 144 96 136 104 256 80 160 104 96 136 8
1048 32 144 128 104 96 136 104 96 136 32 128 96 376 104 136 16
1040 200 360 96 152 96 136 112 32 128 104 336 104 112 16
1040 48 144 128 104 104 128 96 136 96 248 104 352 96 152 16
1040 16 128 352 88 144 96 136 112 32 120 96 384 96 136 24
1048 24 136 352 104 104 96 144 112 32 120 104 112 104 96 136 16
1048 168 360 96 128 104 96 136 248 104 128 104 104 112 16
1056 48 144 128 104 104 112 104 96 136 32 120 104 352 96 152 16
1040 168 352 96 136 88 144 112 256 96 376 88 144 16
1088 144 96 360 96 136 104 120 112 256 96 376 104 112 8
1072 72 136 360 104 352 120 112 208 96 136 96 144 120 80 224 128 128 136 128 16 136 16 216 136 136 128 128 136 128 8 224 128 136 136 128 128 112 128 224 128 128 128 136 128 128 128 208 128 136 128 128 136 136 136 216 128 128 136 128 128 136 120 216 136 128 128 136 136 128 120 216 128 136 136 144 120 128 128 224 128 128 128 136 112 136 136 216 128 136 128 128 120 128 136 200 128 128 128 136 8 176 136
1040
1056 216 128 136 128 128 128 136 128 136 24 152 128 128 136 136 128 24
1032 80 152 104 88 376 104 112 248 104 336 104 136 16
1048 96 136 120 104 96 144 104 96 136 248 104 352 96 136 16
1048 200 360 96 136 96 144 112 32 120 104 120 88 136 104 16
1056 16 112 352 96 136 104 96 144 256 96 368 104 112 16
1048 72 136 352 104 128 96 136 104 32 128 96 368 88 136 24
1040 32 112 128 104 104 104 96 136 120 32 120 96 376 104 128 8
1048 184 360 104 112 88 144 120 16 152 104 104 344 96 40
1048 72 144 352 96 136 96 136 120 248 88 368 96 144 16
1088 80 136 352 96 136 104 80 136 256 104 352 96 136 16
1096 88 128 352 96 376 104 112 200 96 120 104 96 144 96 32 16 16 152 128 128 136 16 152 216 128 120 128 128 136 136 128 216 136 120 136 128 128 128 136 216 128 112 128 136 136 128 128 224 128 136 136 128 128 136 128 216 136 128 128 136 128 128 136 216 128 120 128 128 136 136 128 216 136 120 136 128 128 128 136 200 128 136 128 128 136 128 128 224 128 120 136 128 128 136 128 16 16 160 128 128 136 16 152
1040
1040 216 136 128 128 112 128 128 136 128 16 152 128 136 128 128 136 24
1040 56 152 104 96 144 96 136 112 248 96 136 104 96 136 24
1040 16 144 128 104 104 112 104 120 112 256 104 352 104 104 8
1056 224 128 104 96 136 96 144 120 224 104 120 112 104 120 16
1048 200 360 104 128 96 144 120 32 120 104 120 104 88 128 16
1048 8 152 344 104 136 96 136 104 256 96 376 96 152 16
1048 80 136 120 104 96 144 104 112 120 256 104 112 104 96 128 16
1056 168 136 104 104 112 104 96 136 248 88 376 104 104 8
1040 48 144 344 104 136 96 144 120 248 96 376 104 120 16
1080 64 136 120 88 144 112 104 112 120 256 576 96 136 24
1120 48 144 128 104 96 152 96 144 104 200 104 136 96 136 112 96 24 16 152 128 128 136 24 152 16 216 128 136 128 128 128 136 128 232 128 128 136 128 128 128 128 216 136 128 128 136 136 120 128 16 16 16 24 16 16 16 152 192 136 128 128 128 136 128 128 216 128 136 136 128 128 136 128 216 136 128 128 136 128 128 136 192 128 128 136 128 128 136 136 200 120 128 128 128 136 128 128 216 8 24 8 16 152 16 16
1040
1056 224 136 136 128 128 136 128 128 136 16 152 128 136 136 128 128 16
1056 56 152 104 96 128 104 112 120 248 104 112 104 120 112 16
1040 216 352 104 360 96 144 232 96 376 104 112 16
1048 176 96 376 96 376 104 112 256 96 376 104 136 16
1048 128 104 112 104 104 112 104 96 136 248 96 376 104 104 16
1048 200 352 96 136 104 88 144 248 104 360 96 144 16
1056 120 104 120 88 136 104 104 96 144 248 96 376 104 112 24
1048 216 120 104 96 144 104 104 112 24 128 120 96 144 112 104 24
1048 168 352 96 160 96 144 112 264 96 152 104 96 144 16
1088 64 144 112 104 96 136 104 112 120 256 96 376 96 136 32
1096 16 128 120 104 96 136 104 120 104 216 96 144 112 96 152 104 16 16 152 136 128 128 136 16 152 208 128 136 136 128 136 128 120 232 128 128 136 112 128 136 128 208 136 136 128 128 128 128 136 208 128 128 136 136 136 128 128 192 136 136 128 136 112 128 136 216 128 128 136 128 120 136 128 216 136 128 128 136 128 128 136 208 128 136 136 128 136 128 128 200 136 128 128 136 136 120 136 24 160 128 128 128 136 16 152
1040
1056 216 136 128 128 136 128 128 136 136 16 152 128 128 136 120 136 24
1056 72 152 96 136 120 96 136 112 16 120 128 104 104 120 104 16
1032 176 128 104 104 112 88 136 104 24 128 96 376 104 128 24
1048 200 128 104 96 144 104 96 136 256 88 376 96 136 16
1048 72 136 360 104 352 88 128 16 128 112 96 144 120 88 32
1040 32 136 360 96 136 96 144 120 16 152 104 104 352 96 32
1048 16 136 344 104 120 96 136 104 16 136 120 96 136 352 16
1048 16 136 120 104 88 136 104 112 120 248 104 352 104 112 16
1040 200 360 104 112 104 112 120 32 128 104 128 104 96 144 24
1080 200 352 96 120 104 112 120 248 96 136 88 144 112 16
1088 64 128 352 96 136 104 112 120 208 96 144 96 136 112 96 32 208 24 160 128 128 136 16 152 216 136 128 128 128 136 128 128 216 128 136 136 128 128 136 128 216 136 128 128 136 128 128 136 216 128 136 128 128 136 136 128 192 120 128 120 136 128 128 128 216 120 136 128 128 136 136 128 216 128 136 136 128 128 136 144 208 136 128 128 136 128 128 136 216 136 128 128 128 136 128 128 216 16 152 128 136 128 16 152
1032
1040 224 128 120 136 128 128 136 128 128 8 176 128 128 136 136 128 16
1048 80 152 104 96 136 96 128 112 248 104 360 96 128 16
1040 88 128 352 96 376 104 104 256 80 376 104 128 8
1048 120 104 120 104 96 160 104 96 144 16 152 112 96 376 104 16
1048 192 128 104 104 112 104 96 136 24 112 120 104 104 128 104 16
1048 152 128 104 96 136 96 144 104 8 160 352 96 136 96
1056 96 144 128 104 96 128 96 136 120 248 104 120 88 144 112 16
1056 176 120 104 96 144 96 136 112 16 136 96 136 112 96 152 16
1040 192 120 104 96 144 104 96 136 256 104 352 104 112 16
