1016 220 219 219 221 222 219 219 220 220 221 219 220 219 218 219 219 15 15 219 220 219 220 219 221 219 17 220 220 218 220 219 219 220 222 221 219 219 221 219 220 219 222 219 220 219 221 219 220 221 222 219 220 219 221 219 220 218 219 219 220 219 219 220 219 220 222 219 220 219 220 219 221 219 221 219 220 217 220 219 219 220 219 219 221 222 219 220 219 220 221 219 221 217 221 219 220 219 219 219 221 219 219 220 219 220
1022
1029 219 219 219 220 219 219 219 219 221 15 220 219 220 219 218 219 18
1017 219 219 218 220 221 219 219 220 222 15 220 221 219 219 221 219 17
1022 221 219 219 221 222 218 219 220 221 15 220 220 220 219 219 218 16
1029 221 219 220 222 221 219 219 220 222 16 219 218 219 219 220 222 16
1016 221 219 220 219 217 220 219 220 221 17 219 219 219 220 219 222 17
1022 222 219 220 219 219 218 219 219 220 16 219 219 221 219 218 221 15
1029 221 219 220 219 222 219 219 220 221 15 221 220 220 219 220 219 15
1016 221 219 220 219 222 219 220 219 221 15 220 221 219 220 219 222 18
1022 220 220 219 219 218 219 219 220 222 16 220 221 220 219 219 222 18
1029 220 220 220 221 218 220 219 219 219 16 221 222 220 219 219 221 18
1017 221 220 218 219 219 219 219 220 222 17 220 221 219 220 219 219 14
1023 221 219 220 219 222 218 220 219 221 15 220 222 219 220 220 222 18
1028 222 218 220 219 221 219 220 219 221 15 220 221 219 220 219 222 18
1017 221 219 219 219 218 220 218 219 219 15 221 222 219 219 220 221 17
1023 220 220 220 220 218 220 219 220 220 16 220 219 218 219 220 221 17
1029 222 219 220 219 221 219 219 221 222 15 220 221 219 218 220 219 17
1015 222 218 220 219 221 219 220 219 220 17 220 221 219 219 221 222 16
1021 220 220 219 219 219 219 219 220 221 15 221 222 219 219 220 222 15
1027 220 220 219 219 219 219 219 221 222 15 219 219 218 220 219 221 16
1016 221 219 220 219 221 219 219 221 222 16 220 221 220 219 219 220 17
1023 221 219 219 221 222 218 219 220 221 17 220 221 219 220 220 222 16
1029 219 218 219 219 219 218 220 219 221 17 220 219 219 219 220 221 17
1015 222 218 220 219 221 219 219 221 222 15 220 221 219 219 220 222 17
1023 220 220 219 220 217 219 220 219 222 15 220 221 219 219 219 219 16
1029 221 219 219 220 222 218 219 220 221 15 220 219 219 220 222 218 14
1022 221 219 220 221 221 219 219 220 222 14 220 219 218 220 220 221 18
1019 222 218 219 220 221 219 219 220 222 16 219 218 220 220 221 218 17
1027 221 219 219 220 217 219 220 219 222 15 220 221 219 220 218 221 15
1016 220 220 221 222 217 220 219 219 218 14 220 221 221 218 218 220 17
1022 221 219 219 220 221 219 219 220 221 15 220 221 220 219 218 220 15
1027 219 219 219 221 222 219 219 220 221 222 219 220 219 219 219 219 16 16 220 219 220 219 220 219 221 16 221 219 220 219 220 219 221 222 219 220 219 220 219 219 220 221 221 219 220 219 219 220 219 219 219 220 219 221 219 220 219 219 219 220 219 220 220 219 221 222 219 220 219 220 219 221 219 219 219 220 219 219 220 218 220 219 220 219 219 221 219 220 219 221 220 219 220 219 219 221 219 219 219 220 219 221 219 220 220
1017
1021 219 219 220 219 219 219 219 219 221 18 219 219 220 219 219 219 15
1029 222 219 220 219 221 219 221 219 219 18 220 219 222 219 220 220 17
1015 221 219 220 219 221 219 220 219 222 15 220 221 219 219 220 219 18
1022 221 219 220 219 222 218 220 219 221 15 220 221 219 219 222 220 16
1029 219 219 219 219 219 219 220 219 221 16 220 222 218 220 219 221 17
1015 222 218 220 219 218 219 221 219 221 16 220 221 219 218 220 222 16
1023 221 220 219 219 219 219 219 221 221 15 219 218 219 219 220 219 17
1029 221 219 219 220 221 219 219 218 219 16 220 220 220 219 220 219 15
1017 219 219 219 220 221 219 219 219 218 17 220 219 221 219 218 219 17
1023 221 219 219 219 218 219 220 219 222 14 220 220 219 219 218 219 18
1028 222 222 218 219 219 219 218 220 220 16 219 219 219 219 220 221 17
1015 222 219 220 219 221 219 220 219 222 17 220 221 219 220 218 219 14
1022 221 219 218 220 222 219 221 219 219 14 219 219 219 218 222 222 17
1029 221 219 220 219 221 219 220 219 222 15 220 221 219 220 218 221 18
1018 221 219 220 219 217 220 219 219 219 15 220 221 219 219 219 220 14
1023 222 218 220 219 218 220 219 219 219 15 220 221 219 219 219 219 17
1029 218 219 219 220 222 218 219 220 221 15 220 222 221 219 220 221 18
1018 220 221 219 219 219 219 218 220 220 16 220 221 219 220 220 221 16
1022 221 219 220 219 222 218 220 219 221 15 221 222 219 220 219 221 15
1029 220 220 219 219 217 220 219 219 219 15 220 221 219 221 219 221 15
1016 221 218 220 219 221 219 220 220 222 17 221 221 220 218 219 219 18
1021 219 222 218 219 219 219 218 220 221 17 220 221 219 220 220 222 18
1029 220 220 218 220 222 219 219 220 222 16 220 219 219 218 222 221 17
1015 221 219 220 219 221 219 221 219 219 15 222 222 220 219 219 221 18
1021 221 219 220 219 218 220 218 220 220 17 220 221 221 219 219 219 16
1029 221 219 219 220 221 219 219 221 222 14 220 221 220 219 220 219 17
1029 222 219 220 219 221 219 220 219 221 16 220 221 219 220 220 221 17
1023 221 220 219 219 219 218 219 220 221 14 221 218 219 219 220 221 16
1029 222 219 219 220 218 219 220 219 221 15 220 221 219 220 219 222 16
1018 222 218 220 219 218 218 220 219 221 15 220 222 218 220 219 221 17
1024 220 220 219 221 219 220 219 219 219 15 219 219 219 218 221 222 15
1026 219 219 219 220 221 219 218 219 219 222 219 220 219 219 219 218 17 17 220 219 220 219 221 219 220 15 221 219 220 219 221 219 220 220 219 219 220 219 220 219 221 222 219 220 219 220 219 221 219 220 220 220 219 220 219 220 219 221 219 219 221 219 220 220 220 222 219 219 221 219 220 220 220 221 219 220 219 220 219 219 221 221 220 219 219 220 219 221 219 219 219 220 219 220 219 220 220 222 219 220 220 220 219 219 220
1017
1022 219 219 220 219 219 219 219 219 220 17 220 219 220 219 219 219 17
1029 221 219 220 219 217 219 220 219 222 15 220 221 219 220 218 222 16
1015 221 219 220 218 221 219 220 219 217 16 220 221 220 219 221 221 18
1022 222 219 220 219 221 219 220 219 221 16 220 222 218 220 220 221 17
1029 222 219 220 219 221 220 219 219 222 16 220 221 219 221 218 221 17
1015 221 219 220 219 218 220 219 218 219 15 221 222 218 219 220 221 16
1023 221 219 219 220 221 219 219 222 222 14 220 219 218 220 219 219 16
1029 221 219 219 221 221 219 219 220 221 15 220 220 220 219 220 219 17
1018 221 219 219 220 221 219 219 219 219 15 219 219 219 220 218 222 15
1020 221 220 218 219 219 219 219 220 221 17 220 221 220 221 219 221 17
1029 221 218 220 219 218 218 220 219 218 14 220 219 218 220 219 221 17
1015 222 218 220 219 221 219 220 218 222 18 220 221 219 219 220 218 17
1023 221 219 220 219 222 218 219 220 221 15 220 222 218 219 220 219 16
1029 221 220 219 219 219 219 219 220 222 15 220 221 219 218 219 219 17
1016 221 219 220 219 217 220 219 219 219 15 220 221 219 219 221 222 16
1023 220 220 220 221 218 220 219 219 219 15 220 218 219 219 220 222 16
1028 221 219 220 219 222 219 220 219 221 15 220 221 219 220 219 219 18
1017 221 219 220 219 222 219 221 219 221 16 220 221 219 219 221 221 16
1022 221 219 218 220 221 219 219 220 221 15 219 219 219 220 219 221 15
1028 219 219 219 220 217 219 220 219 221 15 220 221 219 220 219 222 16
1016 220 220 220 222 217 220 219 218 219 17 220 221 220 221 219 221 16
1023 222 218 220 219 221 219 220 218 222 17 220 221 219 220 220 222 18
1029 220 220 219 219 219 219 219 220 221 16 220 219 219 219 222 222 16
1015 221 219 220 219 222 218 220 219 221 15 220 221 219 219 220 222 16
1023 222 219 220 219 218 218 220 219 221 15 221 222 218 219 220 221 17
1026 221 219 221 219 221 219 220 219 222 15 220 221 219 219 219 221 16
1018 221 219 219 220 222 218 219 220 221 15 219 219 219 219 221 222 16
1023 220 220 218 219 219 219 219 220 221 16 219 219 219 219 220 221 17
1029 222 219 219 220 221 219 219 220 221 14 220 219 219 220 219 223 15
1034 221 219 220 219 217 219 220 219 220 15 220 221 221 219 219 219 15
1023 219 219 220 219 222 219 220 219 221 15 221 222 218 219 220 219 15
1027 221 219 219 220 221 219 219 219 218 221 219 219 221 219 220 219 17 15 220 219 220 222 219 220 219 17 219 221 219 220 219 220 219 222 220 220 219 221 219 219 221 222 219 220 219 221 219 219 221 221 220 219 219 220 219 220 219 219 219 220 219 220 219 219 220 220 221 219 219 221 219 220 220 219 219 220 219 220 219 220 219 219 219 219 220 219 221 219 219 222 219 220 219 220 219 219 219 221 220 219 219 220 219 220 219
1017
1015 220 219 219 219 220 219 219 219 219 15 220 221 219 219 219 219 14
1029 220 220 220 222 217 220 219 218 219 17 220 221 220 219 217 221 18
1018 219 219 219 220 221 219 219 221 222 15 220 220 220 219 221 219 17
1023 221 219 220 219 221 219 220 219 222 15 220 221 219 219 222 222 17
1033 221 219 220 219 222 219 219 219 221 15 221 221 219 219 220 221 16
1024 222 219 220 219 218 219 220 219 218 17 219 219 219 220 219 222 16
1025 222 219 220 219 221 219 220 218 222 15 220 221 219 221 219 219 18
1027 221 219 220 218 222 219 220 219 221 15 221 222 219 219 220 219 15
1014 219 219 220 219 222 218 220 219 221 15 220 222 218 219 221 221 15
1024 222 218 220 219 221 219 220 218 221 16 220 221 219 220 219 221 17
1029 222 219 220 219 218 220 219 219 219 17 220 222 218 220 219 221 17
1015 221 219 220 219 219 219 218 222 221 17 220 221 219 220 219 219 18
1021 219 218 219 220 221 219 218 220 222 17 220 221 220 219 219 222 17
1029 220 220 221 219 221 219 220 219 221 16 220 222 218 220 219 221 17
1016 220 220 219 219 219 218 219 220 220 16 221 222 220 218 219 221 18
1020 221 219 220 219 218 220 219 218 222 14 220 220 220 219 219 221 18
1029 220 220 219 218 219 219 219 221 222 15 219 219 219 219 220 219 18
1018 221 219 218 220 221 219 219 220 222 15 220 221 219 219 222 223 15
1023 222 219 219 220 221 219 219 220 221 15 220 222 218 219 220 221 16
1029 219 220 219 218 218 219 219 219 218 16 220 221 219 219 220 221 16
1017 222 219 220 219 221 219 221 221 221 16 220 222 219 220 219 219 17
1022 219 219 219 221 222 218 219 220 221 17 220 221 219 220 219 219 14
1029 221 219 220 218 222 219 220 219 221 18 219 219 219 220 220 221 16
1016 222 219 220 219 221 219 220 218 221 18 220 220 220 219 217 219 17
1019 222 218 219 219 218 220 218 219 219 15 219 219 219 221 219 222 17
1029 221 219 220 219 222 219 220 220 221 15 220 222 219 219 220 219 18
1018 221 219 220 219 221 219 219 219 222 16 220 220 219 219 220 219 16
1023 221 219 218 220 222 219 219 220 221 15 219 219 219 220 219 221 17
1029 219 219 219 220 220 220 219 219 219 15 220 221 219 219 221 222 16
1015 221 219 220 219 217 220 219 219 218 16 219 218 219 220 219 222 16
1022 219 220 219 219 219 219 219 221 222 15 220 221 219 218 220 219 15
1028 221 219 219 221 222 219 219 220 221 219 219 220 219 219 218 219 18 17 221 220 219 220 221 219 219 18 219 221 219 220 219 220 219 219 219 220 219 219 220 220 220 222 219 220 219 219 220 222 219 221 219 219 220 219 220 219 220 220 220 219 220 219 220 219 219 219 220 219 219 220 219 221 219 219 219 220 219 219 220 220 220 222 219 220 220 219 220 219 220 219 219 221 219 220 220 220 219 222 220 219 220 219 219 221 219
1015
1022 221 219 219 219 219 220 219 219 219 14 220 219 220 219 219 219 14
1029 221 220 219 219 219 219 219 220 220 14 220 221 220 221 220 221 17
1015 219 219 221 219 219 219 219 220 220 15 220 219 219 219 220 219 18
1022 221 219 220 219 218 220 219 220 221 16 220 220 220 219 221 221 17
1029 221 219 220 219 222 219 220 219 221 16 220 222 219 220 219 222 17
1018 221 219 220 219 218 220 218 219 219 15 220 219 218 219 218 219 15
1023 221 220 220 221 218 220 219 219 219 15 221 221 219 219 220 221 16
1029 222 218 219 220 221 219 218 221 222 18 220 219 221 219 220 219 15
1015 218 219 220 219 221 219 221 219 221 16 220 221 219 219 222 221 15
1024 221 219 219 221 222 218 219 219 219 16 220 222 219 219 220 220 16
1029 221 219 220 219 217 218 220 219 222 18 220 222 218 219 220 221 17
1015 222 219 220 219 221 219 218 222 222 17 220 219 219 219 220 219 16
1023 222 218 220 219 221 219 220 219 222 16 220 219 219 218 220 221 17
1030 221 220 219 219 219 219 219 220 221 18 219 221 222 219 219 220 16
1017 220 220 218 219 219 219 219 220 222 16 220 221 219 219 219 219 17
1022 221 219 221 219 218 219 220 219 221 16 220 221 222 218 220 221 16
1028 222 218 221 219 221 219 220 219 222 15 220 221 219 220 219 219 18
1017 221 219 220 219 222 219 220 219 221 16 220 219 219 219 219 219 16
1022 222 219 220 219 221 219 219 221 222 15 219 219 217 219 220 221 16
1029 222 219 220 219 218 221 219 219 219 18 220 219 221 219 220 219 17
1015 221 219 221 219 218 220 219 219 219 16 219 220 218 219 221 220 15
1023 221 219 220 219 222 222 218 220 222 17 220 221 219 220 218 219 18
1029 221 219 218 220 222 219 219 220 222 16 220 222 219 220 220 222 18
1031 222 218 220 219 221 219 220 219 219 16 221 222 218 220 219 221 18
1022 221 219 220 219 217 219 220 219 222 15 220 221 219 220 219 222 16
1029 221 219 220 219 222 218 220 219 221 15 220 222 219 220 219 219 18
1018 222 219 220 219 221 219 220 219 222 15 220 221 219 218 220 219 18
1021 222 219 220 219 219 219 219 220 221 15 221 222 219 219 221 221 16
1029 222 219 219 220 221 219 219 220 221 16 220 222 219 219 220 221 17
1015 221 219 220 219 217 220 219 219 219 15 220 221 218 219 221 222 15
1023 221 220 220 221 218 220 219 219 219 15 219 219 219 220 219 222 15
1028 222 219 219 220 221 219 218 220 221 219 220 218 219 220 221 219 16 18 218 220 220 222 219 220 219 16 220 219 222 219 220 219 220 222 219 220 222 219 220 219 221 221 219 221 219 220 219 220 219 219 219 220 219 219 220 219 220 221 219 220 220 219 221 219 220 219 219 219 220 219 221 219 220 221 219 219 220 219 221 219 221 219 219 220 219 220 219 219 220 221 220 220 219 220 219 220 219 219 219 220 219 219 221 219 220
1015
1022 220 219 219 219 219 221 220 219 219 14 220 219 220 219 219 219 17
1029 221 219 220 219 217 219 220 219 222 17 219 219 219 220 219 222 16
1016 221 219 220 218 222 219 220 219 221 15 220 221 219 220 218 219 14
1023 222 218 220 219 221 219 219 221 222 15 220 221 219 218 221 221 17
1029 222 218 220 219 221 219 220 219 222 15 220 221 219 220 219 220 16
1015 221 219 220 219 217 220 219 218 219 15 221 222 219 220 219 222 16
1023 221 219 220 219 222 218 220 220 221 15 221 222 219 220 219 219 18
1029 220 220 219 218 219 219 219 220 220 15 219 219 221 219 220 219 16
1019 221 219 219 219 218 219 220 219 222 15 220 221 219 220 220 222 15
1032 219 220 219 219 218 220 219 219 219 15 221 222 218 219 220 221 16
1029 221 219 220 219 218 220 219 219 219 16 220 222 219 220 219 221 17
1015 217 219 219 220 222 218 219 221 221 16 220 222 220 219 219 220 16
1023 221 219 220 219 222 218 219 220 221 16 219 219 219 220 220 222 16
1028 221 219 220 219 222 218 220 219 219 15 220 220 220 218 222 221 17
1015 221 219 219 220 221 219 219 221 222 15 220 221 219 218 220 221 17
1023 221 219 220 219 217 219 220 219 222 15 220 221 219 219 220 220 16
1029 222 218 219 219 221 219 219 222 222 14 220 221 220 218 219 220 17
1015 222 218 219 220 221 219 219 220 222 15 219 219 218 220 220 221 17
1022 221 219 221 219 221 219 220 219 221 15 220 221 221 219 220 222 15
1029 221 219 220 218 218 220 219 219 219 15 221 222 218 219 220 221 15
1016 221 219 220 219 217 220 219 219 218 16 220 222 218 219 220 221 17
1024 221 219 219 221 222 219 219 220 220 14 220 219 219 218 220 219 18
1025 220 220 219 219 219 219 220 219 221 16 221 222 220 219 220 221 18
1017 221 220 219 219 222 219 220 219 221 18 220 222 218 219 220 221 17
1019 222 219 220 219 218 218 220 219 218 15 220 221 220 219 218 219 17
1029 217 219 219 220 222 219 220 220 222 15 220 221 219 219 221 219 17
1015 221 219 220 219 222 219 220 219 221 15 220 222 219 219 220 217 18
1022 222 219 220 221 221 219 219 221 221 15 220 221 220 219 218 222 17
1029 220 220 219 218 219 219 219 220 221 15 220 219 220 222 218 219 15
1029 222 219 220 219 218 220 219 219 219 15 219 219 219 220 219 223 17 44
1044 219 219 219 220 221 219 219 219 218 16 220 221 219 218 220 219 16
1102 221 219 219 219 218 219 219 220 222 15 220 221 219 219 221 222 16
1055 221 220 218 219 219 219 219 220 221 17 220 222 220 219 219 219 17
1059 221 219 221 219 218 219 219 220 221 17 220 221 220 219 219 219 17
1052 222 219 220 219 221 219 221 219 221 16 220 222 219 218 220 219 18
1058 219 219 219 221 222 219 219 220 221 15 220 221 219 219 221 222 16
1049 222 218 219 220 221 219 218 220 222 14 220 219 218 219 220 221 17
1052 220 220 218 219 219 219 219 221 222 16 220 221 219 218 220 221 17
1042 217 219 219 220 222 218 219 221 221 15 219 219 219 220 219 219 18
1045 222 219 219 220 220 220 218 219 219 15 220 221 219 219 220 219 16
1049 221 219 220 219 222 219 220 219 220 15 221 224 220 219 219 222 16
1075 219 220 219 218 219 219 219 221 222 15 220 221 219 218 220 221 15
1087 222 219 220 219 218 220 218 219 219 219 220 219 219 221 219 220 16 222 222 219 220 219 17 219 17 219 220 220 220 219 219 220 16 221 220 219 219 220 219 219 219 219 219 219 219 219 219 220 219 220 219 219 219 219 220 219 219 219 219 219 220 219 220 219 219 222 219 219 221 219 219 219 219 222 219 219 221 219 219 219 219 221 219 219 220 219 219 219 219 219 220 219 219 219 219 220 219 220 221 219 219 219 14 221 219
1055
1042 221 219 219 219 220 219 219 219 219 14 220 219 220 219 219 219 14
1049 222 218 220 219 221 219 220 219 222 15 220 221 219 219 222 222 16
1053 221 221 219 219 219 219 219 220 221 15 220 221 219 219 220 222 16
1042 221 219 220 219 217 220 219 219 219 16 220 220 220 218 220 220 15
1042 220 220 219 219 219 219 219 221 222 15 220 221 219 219 221 219 17
1049 221 219 220 219 221 219 220 219 221 15 220 221 219 219 220 219 16
1047 219 218 219 219 219 219 219 220 221 15 221 222 218 219 220 221 16
1046 221 219 219 220 220 219 219 219 218 15 220 219 223 221 219 219 18
1049 219 219 220 219 218 221 219 219 219 15 219 219 219 221 219 221 15
1088 221 219 219 221 222 218 219 220 221 15 221 221 220 219 220 219 16
1097 221 219 220 219 222 218 220 219 221 219 221 219 220 219 219 218 17 16 18 220 219 221 219 14 221 222 219 219 221 219 219 219 220 219 219 219 221 220 219 219 219 219 219 219 220 219 221 219 222 219 220 218 219 219 219 221 219 221 219 219 219 220 219 219 219 219 220 219 219 219 219 220 219 220 219 219 219 220 219 219 220 221 219 221 219 219 219 220 219 219 219 219 219 219 220 219 219 17 17 220 219 219 220 17 221
1049
1055 220 219 219 219 220 219 219 219 219 15 219 221 219 219 218 219 14
1045 221 219 220 218 222 219 220 220 222 15 220 221 219 220 219 220 17
1051 221 220 219 219 219 219 219 221 222 16 220 221 219 218 220 219 17
1055 220 220 219 218 219 219 219 219 222 18 220 219 221 219 221 219 17
1046 221 219 219 221 222 219 219 220 221 15 220 221 219 219 221 222 17
1049 221 219 220 219 217 220 219 219 219 15 219 219 219 220 219 221 17
1055 222 219 220 219 221 219 219 222 222 15 220 221 219 218 220 219 16
1046 218 220 219 219 219 219 219 220 221 15 220 222 219 219 220 219 17
1050 221 221 219 219 219 219 219 220 221 15 220 221 220 219 221 221 17
1089 219 219 219 220 221 219 219 221 222 16 220 221 220 219 219 219 17
1129 221 219 220 218 218 219 220 219 222 221 220 219 219 222 220 218 16 15 219 219 220 220 16 221 16 220 219 219 219 220 219 219 219 221 219 219 219 219 220 219 219 220 219 219 220 219 219 219 219 15 15 14 16 16 16 18 219 222 219 220 219 222 221 219 219 222 219 220 219 220 219 219 220 219 221 219 220 219 220 219 219 219 219 220 220 219 220 219 220 219 219 220 219 219 220 219 220 221 17 14 15 15 219 15 18
1051
1055 219 219 218 220 219 219 219 220 221 16 219 221 219 219 219 219 14
1043 220 220 219 219 218 219 219 220 221 14 220 219 219 218 220 221 17
1053 221 220 219 219 219 218 219 219 221 14 221 221 221 219 219 221 18
1055 222 218 220 221 218 220 219 219 219 15 220 221 219 220 219 222 18
1044 222 219 220 219 221 219 221 219 221 16 220 221 219 219 220 219 17
1056 220 220 219 218 218 219 219 220 221 15 220 220 220 219 222 221 16
1047 219 219 219 220 220 220 219 219 219 15 220 221 219 219 220 222 15
1045 222 219 219 220 218 219 220 219 221 16 219 220 218 219 219 219 16
1052 218 219 219 219 219 219 220 220 222 17 220 219 219 218 220 219 18
1089 221 219 221 219 221 219 220 219 222 17 219 219 219 220 221 222 16
1095 221 219 220 219 222 219 220 219 222 221 221 222 218 219 220 221 17 16 220 219 220 220 219 18 220 222 219 220 219 220 219 220 219 219 219 220 219 219 220 219 221 221 219 221 219 220 219 221 219 219 219 219 221 219 220 220 220 222 219 219 221 219 220 219 220 222 220 220 219 221 219 219 221 222 219 220 219 221 219 219 221 221 220 219 219 220 220 220 219 221 219 221 219 220 219 220 219 18 219 219 219 219 219 18 219
1050
1055 220 219 219 219 219 221 219 219 219 16 219 220 219 219 219 219 14
1045 221 219 219 220 222 219 219 220 221 15 219 219 220 219 220 221 16
1051 221 220 219 219 219 219 219 219 219 15 221 222 218 219 221 221 17
1055 221 219 220 219 222 218 220 219 221 16 220 221 219 219 220 221 17
1046 221 219 219 219 218 219 219 220 222 15 219 219 220 219 221 220 15
1047 219 219 220 219 218 220 219 218 219 18 220 219 218 220 219 220 16
1056 220 220 218 219 219 219 218 220 222 15 220 219 220 219 219 219 16
1046 219 219 219 220 221 219 219 220 222 16 220 221 220 219 220 218 17
1049 222 220 219 219 219 219 219 219 219 16 220 219 219 219 221 222 16
1090 220 220 219 218 217 220 219 219 218 17 220 221 220 219 219 221 18
1078 222 218 220 219 218 221 219 219 219 219 220 219 219 222 217 220 15 222 16 220 219 220 219 15 220 219 219 220 219 220 219 220 219 220 220 219 221 219 220 219 219 219 219 220 219 220 219 220 219 219 220 220 219 219 220 219 221 221 219 221 219 220 219 220 219 219 219 220 219 219 220 219 220 222 219 220 219 219 220 219 220 222 219 220 219 221 219 220 220 221 220 219 221 219 219 221 219 219 18 219 221 219 219 17 219
1050
1057 219 219 220 219 220 219 219 220 219 15 220 219 219 219 219 220 16
1045 219 219 219 219 219 219 221 219 221 16 220 222 219 219 220 221 17
1053 220 220 219 218 219 219 219 220 222 15 220 221 219 218 220 222 17
1055 216 220 219 220 222 219 219 219 219 14 220 220 219 221 220 219 16
1046 219 218 219 220 221 219 218 220 222 15 219 219 220 219 219 219 16
1049 219 219 218 220 221 219 219 220 222 15 220 220 218 220 218 219 17
1056 221 219 218 220 221 222 219 219 219 16 221 222 220 219 219 221 18
1044 221 219 221 219 218 220 219 219 219 16 220 222 220 218 219 221 18
1052 221 219 220 219 221 218 220 219 221 18 219 219 219 220 221 220 17
