Remote control pulse data recorded from MZ-NHF800

This is the amount of time the signal line is pulled low.
All times are in microseconds.
Each line begins when a low signal time length > 800us is received


1024 224 160 160 160 160 256 168 160 16 16 248 152 160 16 16 200 160 160 16 208 152 160 208 176 152 160 216 168 144 160 216 160 152 160 216 160 152 160 200 160 152 160 216 160 144 160 208 160 160 168 200 168 160 160
1008 224 160 168 160 160 200 168 160 16
1016 216 160 160 152 160 248 168 152 16
1016 216 152 160 160 160 200 160 168 16
1016 216 160 168 136 176 208 160 160 16
1032 216 152 160 160 160 216 168 160 16
1016 216 160 160 160 160 224 160 160 16
1016 224 168 136 168 160 216 152 160 16
1024 216 160 160 168 152 208 160 160 16
1024 216 160 152 160 160 224 144 168 16
1024 216 160 168 160 160 208 160 160 32
1040 216 168 160 160 160 208 160 152 16
1032 216 160 160 168 160 200 160 160 24
1016 232 160 160 152 160 216 160 144 24
1016 224 144 160 168 160 200 160 160 16
1032 216 160 168 168 160 208 160 160 16
1016 216 160 160 160 160 208 160 160 16
976 216 160 160 160 152 200 160 160 24
984 216 160 152 160 160 200 152 160 16
992 224 160 160 176 152 200 160 160 32
1000 216 160 168 160 168 192 160 152 16
992 216 160 160 160 168 184 160 160 16
992 216 168 160 152 160 192 160 144 24
984 216 144 160 160 160 176 168 160 16
992 216 160 160 152 160 200 160 160 16
992 216 168 160 160 160 208 160 160 16
984 224 160 160 160 152 192 176 160 16
992 216 160 152 160 160 200 152 160 16
1000 216 160 168 160 152 192 160 160 16
976 216 160 152 160 160 200 160 160 16
992 216 160 160 160 168 200 160 160 16
992 216 160 160 168 168 184 160 152 24
976 216 144 160 160 160 176 160 168 16 216 160 160 160 208 168 160 160 208 160 160 160 224 144 160 176 104 136 160 160 208 168 160 160 224 152 160 168 216 160 144 160 208 160 152 160 224 160 152 160 216 160 160 160
976 224 160 160 152 160 192 160 144 16
992 224 152 160 160 160 192 160 160 16
976 216 160 160 160 160 200 160 160 16
976 216 168 160 168 168 184 152 160 24
992 216 160 168 160 152 192 160 160 24
984 216 160 152 160 160 208 152 160 16
984 216 160 160 160 144 200 160 160 16
992 216 160 160 160 176 192 160 160 24
960 216 160 160 160 160 176 176 160 16
992 216 160 160 152 160 216 160 152 16
992 216 152 160 160 160 192 160 160 16
976 216 168 160 152 160 192 160 160 16
984 232 136 176 160 160 200 160 160 16
992 224 160 160 160 160 200 160 160 16
976 216 160 152 160 168 192 144 160 16
984 216 160 168 160 152 192 160 160 16
984 232 160 152 160 160 192 168 160 16
976 216 160 160 160 168 200 160 160 24
992 216 160 160 168 160 192 160 144 16
992 224 160 160 176 160 184 160 168 16
976 216 160 160 152 160 200 160 144 16
992 216 152 160 160 160 192 160 160 16
984 216 160 160 160 160 200 160 168 16
984 216 168 160 160 160 432 160 160
976 224 160 160 160 152 192 168 160 16
992 232 160 152 160 160 184 152 160 16
976 216 160 160 168 144 192 160 160 24
984 216 176 144 160 176 192 160 160 24
984 216 160 168 160 168 192 160 168 16
976 224 160 160 152 160 200 168 152 16
992 216 144 160 160 160 192 160 160 16
976 216 160 168 144 160 192 160 144 16
984 232 144 160 160 160 192 160 168 16 216 160 160 160 208 152 160 176 208 152 160 160 216 144 160 160 224 152 160 176 208 168 160 160 216 160 152 160 224 160 144 160 208 160 152 160 216 160 168 160 224 160 160 168
992 216 160 160 160 160 200 168 160 16
992 224 160 160 160 168 192 152 160 16
984 216 160 160 160 152 200 160 160 16
984 216 160 152 160 160 200 152 160 16
984 224 160 160 160 160 200 160 160 16
984 224 160 160 160 160 200 392 160
976 216 168 160 160 160 184 168 160 24
1000 216 168 168 152 160 184 160 152 16
984 224 152 160 160 160 176 160 168 16
992 216 160 160 152 160 200 160 160 16
992 216 144 160 160 160 208 160 160 16
976 232 160 160 160 152 192 160 176 16
976 232 160 144 160 160 200 136 168 16
1000 216 168 168 160 152 192 160 160 16
976 216 160 152 160 160 184 160 168 16
992 208 160 160 160 160 200 160 160 16
992 216 160 168 160 160 200 160 152 24
976 224 168 160 160 160 176 176 160 16
992 224 160 160 152 160 200 160 152 16
992 216 152 160 160 160 192 160 168 16
976 224 160 168 152 168 192 160 168 16
984 224 160 160 168 160 192 152 160 16
992 216 168 160 160 144 184 160 168 24
976 216 160 152 160 160 200 152 160 16
984 224 160 160 176 144 200 168 160 16
992 224 160 144 168 160 192 168 160 16
984 216 160 160 168 152 200 160 160 16
984 216 160 160 144 160 200 160 152 24
984 216 152 160 160 160 192 160 160 16
984 216 168 160 152 160 192 168 168 24
984 216 152 160 160 160 192 160 176 24
1000 216 160 176 160 160 184 160 168 24
976 216 160 160 160 160 200 144 160 24 24 224 160 160 24 16 216 160 176 208 168 160 160 216 168 144 160 64 216 152 160 216 160 160 160 216 160 160 160 208 160 160 152 208 168 160 152 216 168 160 152 208 160 176 144
976 216 176 160 160 152 192 160 160 24
992 224 160 152 160 160 192 144 160 16
976 216 168 160 160 160 200 160 160
984 216 168 152 168 160 184 160 152 24
992 216 160 168 160 160 184 160 160 16
976 224 160 160 152 160 200 160 152 16
992 216 144 160 160 160 192 160 160 16
992 216 160 160 152 160 200 160 160 24
992 216 152 160 160 176 192 160 160 16
992 216 160 160 160 152 184 168 160 24
992 216 160 152 160 160 200 152 160 16
976 224 160 168 160 152 192 160 160 16
984 224 160 152 160 168 184 160 160 16
992 224 160 176 160 168 184 160 168 16
976 216 160 160 160 168 192 160 152 16
984 232 152 160 160 168 176 160 160 16
984 224 160 168 152 160 192 168 152 16
976 224 152 168 160 160 192 168 168 16
992 216 160 160 160 160 200 168 168 16
992 224 160 160 160 160 200 152 160 16
976 224 160 160 160 152 192 160 176 16
976 216 160 152 160 160 200 136 160 16
992 224 160 160 160 152 200 160 160 16
976 216 160 160 168 168 184 160 160 16
976 216 176 160 160 160 184 160 168 16
1000 224 160 168 152 160 192 160 152 16
976 224 152 160 160 160 176 160 168 16
984 224 160 160 152 160 200 168 160 16
992 224 144 160 160 160 208 160 160 16
976 216 176 160 168 160 192 160 168 16
976 216 160 160 160 160 200 136 176 24
992 216 160 160 160 152 200 160 160 24
984 216 168 144 168 160 184 152 160 24 224 168 160 160 216 160 144 160 216 160 152 168 208 160 152 160 216 160 144 160 216 160 160 160 208 160 160 152 208 168 160 152 208 160 160 152 208 160 160 160 224 160 160 168
992 216 160 160 160 160 200 160 160 24
992 216 160 168 160 160 200 160 152 16
976 224 160 168 160 160 184 160 176 24
984 216 160 160 152 160 200 160 152 16
992 224 152 160 160 160 176 168 160 16
976 216 168 168 144 160 192 160 168 16
976 216 160 160 176 160 192 160 160 16
984 232 160 160 160 152 192 160 168 16
976 216 160 152 160 160 200 152 160 16
984 216 160 160 168 152 192 160 160 16
984 216 160 152 160 168 192 160 160 16
992 216 160 160 160 168 200 160 160 16
992 216 160 160 160 160 200 160 152 16
992 216 152 160 160 160 192 160 160 16
992 216 160 160 152 160 184 168 144 16
984 216 152 160 160 160 192 160 176 24
1000 216 160 160 168 168 192 168 160 16
976 216 160 160 160 160 200 144 160 24
984 216 160 160 160 152 200 160 160 16
984 216 160 152 160 168 192 144 160 16
984 216 160 160 160 144 200 160 160 16
992 216 160 160 160 160 200 160 160 16
976 216 160 160 160 168 184 160 160 16
984 224 160 160 152 160 200 160 152 16
976 216 152 160 176 160 176 160 160 16
1000 216 168 160 152 160 192 160 160 16
976 216 152 160 160 160 192 168 160 24
984 216 160 160 160 160 200 160 160 16
992 216 160 152 160 160 200 144 160 24
976 224 168 160 160 144 184 168 160 16
992 216 160 152 160 168 200 152 160 24
1016 232 160 160 160 160 16 16 224 152 16
1016 216 160 152 160 160 272 144 176 16 16 16 200 160 160 24 224 160 160 216 152 160 160 224 152 160 160 224 144 168 160 216 160 160 160 216 160 160 160 216 160 160 160 216 160 160 160 232 152 160 160 216 152 160 160
984 224 160 160 160 160 208 168 160 16
1016 224 160 160 160 160 208 160 152 16
1032 216 152 160 160 168 200 160 160 16
1040 224 160 168 152 160 216 160 152 16
1024 232 136 176 160 160 216 160 160 24
1024 216 168 160 160 160 216 160 168 16
1024 216 168 160 160 160 208 144 160 16
1016 224 160 160 160 160 208 160 168 16
1016 216 160 152 160 160 216 136 160 16
1032 232 160 160 160 160 208 160 168 16
1008 216 160 160 160 176 208 168 160 16
1024 224 160 160 160 160 200 168 160 16
1040 224 160 160 152 160 224 160 152 24
1016 224 152 160 160 168 16 16 224 160 16
1032 216 160 160 144 160 216 160 160 16
1016 216 168 160 168 168 208 168 160 16
1024 216 160 168 160 152 208 160 160 16
1016 216 160 160 160 160 216 152 160 16
1032 216 160 160 160 144 16 216 160 168
1024 232 160 152 160 160 216 160 160 24
1024 216 160 168 160 168 208 160 160 16
1024 224 160 160 160 160 16 24 200 160 16
1024 224 160 160 160 160 200 160 160 16
1032 224 160 160 152 160 208 160 152 24
1024 216 152 160 160 176 208 160 160 16
1016 224 160 160 160 160 208 160 168 16
1032 224 152 168 168 160 208 152 160 16
1032 224 160 168 160 152 208 160 160 24
1024 232 160 144 160 160 208 152 160 24
1024 216 168 160 160 144 16 16 208 160 16
1008 216 160 152 160 160 208 160 160 16 24
1104 224 160 160 160 160 256 176 152 16 232 160 152 160 216 160 152 160 224 160 152 160 232 160 152 160 232 16 24 224 160 216 152 160 160 16 208 144 160 216 160 152 160 208 160 152 160 216 160 152 160 200 16 216 160
1120 224 160 160 160 168 16 208 160 160 16 16 224 24 16 224 160 160 160 24 16 24 16 16 16 16 16 16 16 16 16 16 16 216 160 152 16 208 160 160 232 160 168 160 216 160 160 160 232 160 160 160 224 160 168 152 208 160 160 152
1112 224 160 168 152 160 24 224 160 168 16 16 208 152 168 24 16 24 16 16 216 160 160 160 216 160 160 160 216 160 160 144 224 160 160 160 216 160 168 144 224 160 160 152 224 160 160 152 224 160 168 152 216 16 24 16 16
1112 216 144 160 168 160 208 160 160 24
1104 216 160 160 160 160 272 160 160 16 16 24 216 160 152 216 176 160 16 216 160 160 152 216 160 160 152 200 160 160 160 200 160 168 160 224 160 160 160 216 160 152 160 224 160 160 168 224 168 168 160 16 248 160 152
1096 216 160 160 160 168 360 160 160 16 16 224 160 160 224 144 160 160 208 144 168 160 224 160 160 160 200 160 160 160 224 160 160 168 216 160 152 160 200 160 152 160 224 160 152 160 224 160 144 160 16 24 16 16 208
1184 216 160 160 160 152 264 160 160 16 80 16 24 16 16 16 64 248 160 160 216 160 168 160 208 160 160 168 216 160 160 160 208 160 160 152 224 160 144 160 200 160 24 16 216 216 160 16 224 16 16 32 224 224 160 16 16 16
1168 216 160 160 160 168 64 192 168 160 216 136 168 16 16 256 152 160 160 224 144 160 160 216 152 24 16 200 16 216 16 16 216 16 16 16 24 16 216 160 160 160 208 160 144 160 224 168 160 160 216 160 160 168 216 24 16 24 16
1048 216 160 160 160 160 224 160 160 24
1048 224 160 160 160 160 208 160 160 16
1048 224 160 160 160 160 200 160 160 16
1040 216 160 160 152 160 216 160 144 16
1048 216 152 160 160 160 200 160 160 16
1064 216 160 160 144 160 16 240 152 160
1080 216 160 160 168 160 16 24 216 160 16
1120 216 160 160 152 160 272 160 152 16 88 16 208 16 16 216 160 160 152 224 160 168 152 216 160 160 144 224 16 16 200 152 240 160 176 152 16 224 160 168 216 160 160 160 232 160 152 160 216 160 160 160 216 16 16 16 16
1048 216 160 152 160 168 208 152 160 16
1056 224 160 168 160 152 216 160 160 16
1040 216 160 152 160 160 208 168 160 16
1048 208 160 160 160 160 208 160 168 16
1056 232 160 168 160 160 216 168 160 16
1064 224 160 160 176 160 16 16 208 168 16
1040 216 144 160 160 160 16 16 224 168 24
1040 224 152 160 160 160 200 160 160 16
1056 216 160 160 160 160 16 224 160 160
1056 216 168 160 160 176 440 168 168
1080 224 160 160 152 160 16 224 160 152
1112 232 160 152 160 160 264 152 160 16 16 216 160 16 16 16 16 16 16 16 16 216 160 176 160 200 160 160 160 200 160 160 160 224 160 160 160 208 160 160 160 208 160 160 160 216 160 160 160 200 160 176 160 216 16 16 24 16
1112 224 160 160 160 144 216 160 160 144 16 16 224 16 16 232 160 160 152 16 24 16 16 16 16 24 16 24 16 16 24 24 248 160 160 216 160 160 160 216 160 160 144 224 168 160 152 224 160 160 152 208 160 160 152 224 160 160 152
1048 232 160 152 160 160 16 16 216 160 16
1056 216 168 168 160 168 208 160 160 16
1048 216 160 160 144 160 208 160 152 16
1048 216 144 160 160 160 200 168 160 24
1056 216 160 176 136 160 216 160 152 16
1048 232 144 160 160 160 216 160 160 24
1048 224 160 160 160 160 24 240 160 152
1048 216 160 160 160 160 224 144 160 24
1048 232 160 160 160 152 256 160 168 16
1048 216 160 152 160 168 216 152 160 16
1080 216 160 160 168 152 208 160 160 16
1112 224 168 152 160 160 264 168 160 16 16 24 200 16 16 224 152 160 168 16 16 24 16 16 16 16 16 24 16 16 16 40 216 144 160 224 160 152 160 224 160 152 160 216 144 160 160 216 152 160 160 200 152 160 160 224 144 160 168
1056 216 168 160 160 160 16 208 160 168
1056 216 160 160 152 160 224 160 152 16
1048 232 144 160 160 160 200 160 160 24
1048 216 160 160 152 160 208 160 168 16
1048 216 152 160 160 168 16 24 224 160 24
1040 216 160 160 160 152 208 168 160 16
1168 224 136 168 160 160 16 208 160 168 216 160 168 16 24 64 16 224 160 160 216 160 160 160 160 160 160 168 224 160 160 176 216 160 160 152 224 160 160 152 224 160 24 224 216 160 16 240 216 160 16 16 216 48 200 16 24 24
1176 216 160 176 160 144 16 224 160 168 216 160 160 16 24 16 16 208 152 160 136 160 160 160 216 160 16 16 208 16 24 24 16 200 16 16 24 16 16 16 208 160 152 160 232 160 152 160 216 160 160 160 224 160 160 160 16 24 24 16 200
1056 216 160 152 160 176 208 160 160 16
1048 216 160 168 160 160 208 160 160 16
1080 216 160 160 168 160 216 160 160 16
1104 216 160 160 168 160 272 160 160 24 16 16 208 160 168 224 160 160 176 88 216 160 168 208 160 176 160 224 160 160 152 224 160 160 152 216 160 160 152 224 168 168 152 224 160 160 152 192 176 160 152 24 16 224 160 152
1048 216 160 152 160 160 16 224 160 160
1064 216 152 160 160 168 216 160 160 16
1048 224 160 160 152 160 16 216 168 160
1048 216 160 160 160 168 216 144 160 24
1056 216 160 176 160 144 208 160 160 16
1040 224 160 144 160 160 208 152 160 24
1048 216 160 160 160 152 208 160 176 24
1048 216 160 152 160 160 208 160 168 16
1048 224 160 168 160 160 24 16 224 160 16
1048 216 160 168 144 168 208 160 152 16
1080 224 160 160 160 160 16 208 160 160
1088 224 160 160 160 160 48 200 152 160 216 160 152 16 24 216 160 152 160 224 160 144 160 216 160 168 160 216 152 160 168 216 152 160 160 224 144 176 160 216 152 160 160 216 160 168 168 216 160 160 168 232 160 160 16 16
1048 216 152 160 160 160 208 160 160 16
1048 216 160 160 160 160 240 176 152 16
1056 216 168 160 160 176 232 160 160 16
1048 224 160 160 160 152 208 168 160 16
1056 224 160 144 160 168 16 224 160 160
1040 216 160 160 160 160 216 160 160 32
1056 216 176 144 176 160 208 160 160 16
1184 208 160 160 160 168 224 160 160 160 216 160 160 16 216 160 168 160 224 160 160 160 224 160 160 168 208 168 160 160 216 160 160 160 216 160 160 168 216 160 24 16 216 16 208 16 24 216 176 160 24 248 216 160 24 16 16
1176 224 160 160 160 160 264 160 152 16 96 16 24 224 16 16 16 216 136 176 40 232 152 160 16 224 16 16 208 16 200 16 24 216 24 16 24 24 16 208 136 168 160 216 144 168 160 216 152 160 160 216 160 160 160 24 16 24 16 16
1048 216 152 160 160 160 200 160 160 16
1096 216 160 160 152 160 216 160 160 16
1096 224 144 168 160 168 72 208 160 160 216 16 216 16 16 72 224 160 160 216 160 160 160 216 152 160 168 216 160 160 152 216 160 160 152 216 160 160 144 208 160 168 136 224 160 168 152 224 160 160 400 16 24 208 16
1056 216 160 176 144 176 24 16 200 152 16
1040 216 152 160 160 160 248 160 160 16
1048 224 160 160 160 152 208 160 160 16
1112 216 168 160 160 160 176 152 160 160 16 224 160 160 224 160 160 168 16 16 16 16 16 24 16 16 16 16 16 16 32 16 16 16 16 216 160 160 160 208 144 168 160 216 152 160 160 208 152 160 160 232 136 160 168 232 24 16 16 16
1032 216 160 160 160 160 264 160 160 16
1048 232 160 168 160 160 216 160 144 16
1048 216 152 160 160 160 200 160 160 16
1056 216 160 160 144 160 208 160 152 16
1040 216 152 160 160 160 240 160 160 16
1048 232 160 168 160 160 216 160 160 24
1048 216 144 160 160 160 216 160 176 24
1096 216 168 160 160 144 224 160 160 16
1040 224 160 152 160 160 16 208 168 160
1056 216 160 176 160 144 208 160 160 24
1040 224 160 160 160 160 24 216 152 160
1048 224 160 160 160 160 200 160 168 16
1056 224 160 160 152 160 24 16 216 160 16
1048 224 152 168 160 168 200 160 160 16
1048 216 160 160 152 168 208 160 152 16
1056 224 144 160 176 160 256 160 160 24
1048 216 160 160 160 160 16 216 160 144
1048 232 168 144 160 160 208 152 160 16
1088 224 160 160 160 144 208 160 160 16
1048 216 160 152 160 168 208 144 160 24
1040 216 160 168 160 168 256 160 160 16
1072 224 160 168 160 160 224 160 144 16
1040 224 160 160 160 160 200 160 168 16
1048 224 160 160 152 160 208 160 152 24
1040 216 152 160 160 160 208 176 160 16
1048 216 160 160 160 168 208 160 160 16
1040 224 152 160 160 160 200 160 160 16
1056 224 160 168 160 152 216 160 160 24
1048 232 160 152 160 160 16 240 160 160
1088 216 160 160 160 144 208 160 176 24
1112 224 160 152 160 168 16 224 144 160 16 16 224 160 160 224 152 176 160 216 160 152 160 216 160 160 160 216 160 152 168 224 160 144 160 224 160 160 160 216 392 160 176 216 152 160 160 224 152 160 160 16 16 240 168
1032 216 160 160 160 160 208 160 176 24
1056 216 160 160 152 160 224 160 152 16
1040 224 160 168 160 160 216 160 168 16
1048 216 160 160 152 160 216 160 144 24
1048 216 152 160 160 160 208 160 160 16
1056 216 160 160 160 168 240 160 160 24
1064 224 152 160 168 160 216 160 160 16
1056 216 160 160 152 160 224 160 168 24
1056 224 160 144 168 160 240 152 160 24
1048 224 160 160 160 160 208 160 176 24
1088 224 168 144 168 160 216 160 160 16
1056 216 160 160 168 160 200 160 160 24
1056 216 160 168 152 160 232 160 152 16
1048 216 152 160 160 160 24 16 200 160 16
1048 216 160 160 152 160 224 160 168 24
1056 224 144 168 168 160 208 160 160 16
1048 216 160 160 160 176 208 160 160 16
1048 216 160 160 160 168 216 144 160 24
1048 224 160 160 160 152 208 160 160 16
1048 224 160 152 160 160 208 160 160 16
1056 216 160 160 168 160 216 160 160 32
1096 224 160 160 160 160 24 216 152 160
1048 224 160 160 160 160 16 24 208 152 24
1048 224 160 152 160 160 216 152 168 16
1040 224 168 160 160 160 216 160 160 16
1048 216 168 160 160 160 216 160 160 16
1048 216 168 160 160 176 208 160 160 16
1048 216 160 160 160 152 208 160 160 24
1048 216 160 152 160 160 208 144 160 16
1056 216 160 160 160 152 24 16 224 160 16
1040 216 160 152 160 160 224 160 160 24
1032 216 160 168 160 168 208 160 168 16
1088 224 160 160 160 160 208 160 152 16
1040 216 152 160 160 160 200 160 160 16
1048 216 160 160 144 160 208 160 160 16
1048 216 144 160 160 168 16 24 208 160 24
1048 216 160 168 160 168 208 160 160 16
1040 216 144 160 160 160 24 16 232 160 16
1064 232 160 160 160 152 208 160 160 16
1048 232 152 160 168 160 208 160 160 16
1064 216 168 160 168 152 216 160 160 16
1064 216 168 160 168 160 224 152 160 24
1040 208 176 160 160 160 200 160 160 16
1088 216 160 160 152 160 224 160 152 16
1056 216 160 160 168 160 216 160 160 16
1048 232 160 160 152 160 16 24 224 152 24
1056 216 168 160 168 168 208 168 160 16
1048 224 160 160 160 152 208 160 160 16
1040 216 160 152 160 160 24 216 160 160
1048 216 160 160 168 152 208 160 160 16
1048 216 160 152 160 160 216 160 160 24
1032 216 160 160 160 168 224 160 160 24
1048 216 168 152 160 168 208 160 152 16
1048 448 168 168 160 16 16 208 160 16
1080 224 160 160 152 160 208 168 136 16
1120 216 160 160 160 176 64 208 160 168 208 160 160 168 216 160 176 160 216 160 160 160 216 160 160 160 216 16 24 216 176 216 160 160 152 216 160 160 160 216 160 176 144 216 160 160 160 216 160 160 152 216 16 24 248
1056 216 160 160 160 160 216 160 168 16
1048 216 168 160 160 160 16 200 160 160
1048 216 160 160 160 152 208 160 168 16
1056 216 160 152 160 160 224 152 160 16
1048 216 160 160 160 160 24 208 160 152
1048 216 160 152 160 160 16 240 160 168
1064 224 160 160 176 176 224 160 160 16
1048 232 160 160 152 160 16 224 152 160
1048 216 152 160 160 160 216 160 160 16
1064 216 160 168 136 168 248 168 152 16
1080 216 152 160 160 160 16 216 168 160
1112 232 160 160 160 160 264 160 168 16 24 240 160 16 16 24 16 16 24 16 16 216 160 160 160 224 160 160 168 208 160 152 168 224 160 144 160 200 160 152 160 216 160 152 160 224 160 144 160 224 160 152 160 224 16 24 16 16
1064 224 160 160 160 160 208 152 160 16
1048 216 160 160 168 144 24 16 200 152 16
1056 224 160 144 160 160 224 144 168 16
1048 224 160 168 160 152 216 160 160 16
1056 224 160 160 160 160 208 160 152 16
1048 216 168 160 160 160 200 160 160 16
1064 216 160 160 152 160 216 160 144 24
1040 216 152 160 160 160 200 168 160 16
1040 232 160 160 152 160 16 16 208 152 16
1048 216 152 160 160 160 16 16 208 160 16
1080 232 160 160 168 152 208 160 160 24
1120 216 168 160 160 160 264 152 160 16 24 16 200 24 16 216 160 160 160 16 16 16 16 16 16 16 24 16 24 240 16 24 16 24 16 224 168 160 160 216 160 160 160 216 160 152 160 224 160 144 160 224 160 152 160 224 16 16 216 16
1056 224 160 160 160 144 16 216 160 160
1048 216 160 152 160 160 216 152 160 16
1048 224 160 176 160 160 208 160 160 24
1056 232 160 168 160 160 216 160 144 16
1040 216 152 160 160 160 200 160 168 16
1056 224 160 160 152 160 256 160 152 16
1064 232 144 176 160 160 216 160 160 24
1048 216 160 168 136 168 208 160 160 16
1048 216 160 160 160 168 216 152 160 16
1056 216 160 160 168 152 216 160 160 24
1072 216 160 152 160 160 208 144 160 16
1104 216 160 160 160 152 64 216 160 160 16 24 208 160 168 224 160 160 152 216 176 160 144 224 160 160 152 216 160 160 144 216 160 160 152 192 168 160 152 224 160 160 152 216 168 160 152 232 160 160 168 16 16 208 152 168
1048 216 160 152 160 160 208 160 160 16
1056 224 160 160 160 160 16 24 216 168 16
1064 224 160 160 160 160 208 160 152 16
1048 232 160 160 160 160 216 160 160
1032 216 160 160 144 160 208 160 160 16
1056 216 152 160 160 160 216 160 160 16
1048 216 160 160 168 160 208 168 160 24
1064 216 152 160 168 160 208 160 168 24
1056 224 160 168 160 152 216 160 160 16
1040 216 168 160 160 160 16 24 208 160 16
1080 232 160 160 160 160 216 160 168 16
1096 216 160 160 160 160 264 168 160 16 80 248 168 16 16 96 24 216 160 160 16 208 160 160 232 152 160 160 216 144 160 160 216 160 160 400 216 160 160 144 216 160 160 168 160 160 168 160 216 168 160 168 232 160 160 24
1048 216 160 160 160 160 200 160 176 24
1048 232 160 160 152 160 208 160 152 16
1048 232 136 168 168 160 200 160 160 24
1040 216 160 160 168 160 16 208 160 152
1056 216 168 160 168 160 208 160 160 16
1056 224 160 160 168 168 248 168 152 16
1056 232 160 152 160 160 216 152 160 24
1056 216 168 160 160 144 216 160 160 16
1048 216 160 152 160 160 216 160 160 24
1040 224 160 160 160 160 224 160 160 16
1080 216 160 160 160 176 208 160 152 16
1104 224 160 160 160 160 16 216 168 160 224 16 16 216 160 216 160 168 160 224 160 160 152 224 160 160 160 224 160 168 160 216 160 160 168 224 160 176 160 216 160 152 160 216 160 152 160 216 144 160 160 224 248 160 160
1032 216 160 160 152 160 208 160 152 16
1048 216 144 160 160 160 232 160 160 16
1056 216 160 168 152 168 216 160 160 16
1064 216 168 160 168 160 216 160 176 16
1040 216 168 160 160 144 208 176 160 16
1048 216 168 152 160 160 216 152 160 16
1056 224 160 160 176 144 224 160 160 16
1040 224 160 160 160 160 208 160 160 16
1048 224 160 160 160 168 224 160 160 24
1064 216 168 160 152 160 16 16 208 160 24
1104 216 152 160 176 160 200 160 160 16
1056 216 160 160 152 168 216 160 152 16
1040 224 152 160 160 160 216 160 176 24
1040 216 160 160 168 160 208 160 168 24
1048 216 160 152 160 176 208 152 160 16
1064 216 168 168 160 152 208 160 160 16
1040 216 160 152 160 160 216 152 160 16
1048 216 160 160 160 168 256 160 160 24
1056 224 168 168 160 160 216 160 144 24
1056 224 160 168 160 160 216 160 160 16
1064 216 160 160 144 160 216 160 152 16
1088 232 144 168 160 160 200 160 160 16
1048 216 160 160 160 160 224 160 168 16
1048 216 160 160 160 168 208 160 160 24
1040 216 160 160 168 160 248 160 160 16
1040 224 152 160 160 168 16 16 200 160 24
1048 224 160 168 168 152 216 160 160 16
1056 224 160 160 160 160 216 144 168 16
1040 224 160 160 160 168 200 160 168 16
1048 216 160 160 160 168 256 160 152 24
1064 224 144 160 168 160 200 160 160 16
1048 224 160 160 152 160 24 16 216 152 16
1096 216 152 160 160 160 240 160 160 16
1120 216 160 168 168 160 224 160 160 160 16 24 216 152 160 16 208 152 160 216 160 160 176 216 160 160 160 224 160 160 160 216 160 160 160 224 160 160 160 224 160 160 160 216 160 152 160 224 160 152 160 16 24 208 168 160
1040 224 160 160 160 168 216 152 160 16
1040 224 160 168 160 160 216 160 160 16
1048 216 160 152 160 160 224 152 160 16
1048 232 160 160 160 160 216 160 160 16
1048 216 160 168 160 160 216 160 160 24
1048 216 160 160 160 160 200 160 160 24
1048 216 160 168 152 160 208 160 152 16
1048 216 152 168 160 168 16 24 216 160 24
1056 216 160 176 144 176 208 160 160 16
1056 216 152 160 160 176 216 160 160 16
1088 224 160 160 168 168 216 160 160 24
1040 224 160 152 160 160 208 152 160 16
1048 232 160 160 160 152 16 248 160 152
1056 224 160 144 160 160 208 160 160 16
1056 224 160 160 160 168 16 216 160 160
1040 224 160 160 160 160 24 16 208 168 16
1064 216 160 160 168 168 200 168 160 24
1064 216 160 152 160 168 224 160 160 16
1048 232 144 160 160 160 216 160 160 24
1048 216 160 168 160 160 216 160 160 24
1048 216 160 160 160 168 208 152 160 16
1080 232 160 160 160 152 208 160 160 16
1048 216 160 152 160 160 216 152 168 16
1056 232 160 168 160 144 16 16 200 152 16
1056 216 176 144 176 160 208 160 160 16
1048 224 168 160 160 152 24 208 160 168
1064 232 160 160 152 160 208 160 152 24
1048 216 152 160 160 160 24 208 160 168
1056 224 160 160 152 160 208 160 152 16
1040 216 144 160 160 160 216 160 160 24
1048 216 160 160 160 160 216 168 168 16
1048 216 168 160 160 160 264 160 160 16
1096 224 160 160 160 152 224 160 160 24
1048 216 160 152 160 160 208 152 160 16
1056 224 160 160 176 152 16 248 160 144
1056 216 160 160 160 160 208 176 152 16
1040 216 168 160 160 160 208 160 160 24
1048 224 160 160 152 160 216 160 152 16
1048 216 144 160 160 160 200 160 176 24
1048 216 160 160 152 160 24 16 216 152 16
1056 232 152 160 176 160 216 160 160 16
1048 232 160 160 160 152 216 160 160 24
1040 216 160 152 160 160 208 152 160 16
1080 224 160 168 160 152 216 160 160 16
1040 224 160 152 160 160 224 160 168 16
1048 224 160 160 160 160 208 160 160 16
1056 216 160 152 160 160 224 160 160 16
1056 216 152 160 160 160 224 160 160 16
1048 216 168 160 152 160 16 16 208 176 24
1048 216 152 160 160 168 200 168 160 16
1048 216 160 160 160 160 224 160 160 16
1048 216 160 160 168 160 216 144 160 24
1048 216 176 160 160 152 208 160 160 16
1048 232 160 152 160 160 248 152 160 16
1088 224 160 160 160 152 216 160 168 16
1120 216 176 144 176 160 208 168 160 160 208 152 160 168 216 168 144 160 200 160 152 168 224 160 152 160 208 16 216 160 200 160 152 160 224 160 152 160 216 160 160 160 200 160 160 160 224 160 168 160 224 16 16 24 16
1040 224 160 176 160 160 200 160 160 24
1064 216 160 168 136 168 208 160 152 16
1048 216 152 160 160 160 200 160 160 16
1048 216 160 160 152 160 224 160 168 24
1048 224 152 160 160 168 200 160 160 16
1056 216 160 168 160 168 208 160 160 16
1040 224 160 144 160 160 208 152 160 24
1048 216 160 160 160 152 24 16 200 160 16
1048 216 160 152 160 160 208 152 160 16
1056 216 168 160 160 152 208 160 160 16
1080 216 160 160 160 160 208 176 152 16
1104 224 160 168 160 160 56 216 160 160 24 16 200 160 160 16 24 16 24 16 216 176 160 160 224 160 160 144 224 160 160 152 208 160 160 152 224 160 160 160 224 160 160 160 216 168 160 392 80 208 168 168 232 24 16 24 32
1048 224 160 160 152 160 216 160 152 16
1040 216 152 160 160 160 224 160 160 16
1056 216 160 160 160 176 208 160 160 16
1040 224 152 160 160 160 16 16 224 160 24
1048 224 160 160 160 144 208 160 160 16
1056 232 160 152 160 160 216 152 160 16
1048 216 160 160 168 144 208 160 160 16
1064 216 160 152 160 160 216 152 160 16
1040 216 160 168 160 168 208 160 160 16
1040 216 160 160 152 160 216 168 152 24
1080 224 144 160 160 168 200 160 160 24
1128 224 160 160 152 160 216 160 152 160 16 24 216 16 16 216 160 152 160 16 16 16 16 24 16 24 24 16 16 16 16 16 24 16 216 160 168 160 208 160 160 160 200 160 160 144 208 160 168 152 224 160 160 152 216 24 16 200 16
1040 216 144 160 168 160 208 160 160 24
1048 216 160 160 144 160 216 160 152 16
1056 216 160 168 160 160 208 152 160 16
1040 216 160 160 160 144 16 216 160 168
1048 224 160 144 160 160 16 208 160 160
1048 216 160 160 160 152 216 160 160 24
1040 216 160 160 160 168 208 160 160 16
1048 224 160 160 176 160 24 16 208 160 16
1064 216 160 160 176 160 208 160 152 16
1048 216 160 168 160 168 224 160 160 16
1072 224 160 160 144 160 248 160 152 24
1080 216 152 160 160 160 256 160 168 16 16 216 160 16 16 152 152 160 160 208 144 160 160 216 152 160 160 216 144 160 160 208 152 160 160 224 160 160 160 200 160 168 160 224 168 160 160 216 168 160 160 16 24 216 160 160
1048 224 160 168 392 16 16 208 160 16
1056 224 168 160 160 160 216 144 160 16
1056 224 160 168 160 152 216 160 160 24
1040 216 176 144 168 160 256 144 176 16
1048 216 160 160 160 160 208 160 176 16
1056 216 160 160 168 160 224 152 160 24
1056 224 168 160 168 168 16 16 216 168 24
1048 232 160 160 152 160 16 200 160 160
1040 216 144 160 160 160 248 160 168 16
1032 224 160 160 160 160 208 160 168 16
1088 216 144 160 168 160 24 16 232 160 16
1088 216 176 160 160 152 224 160 160 152 208 160 160 16 216 160 168 152 208 160 160 144 224 160 160 152 208 160 160 152 216 160 160 144 224 160 160 152 216 160 160 144 216 160 160 144 216 160 160 152 208 160 160 16 16
1040 216 160 152 160 160 216 144 168 16
1048 224 168 160 160 144 208 160 176 16
1056 216 176 144 176 160 16 224 160 160
1040 216 160 160 160 176 16 16 208 160 16
1048 216 160 160 144 160 216 160 152 16
1048 224 152 160 160 160 200 160 168 16
1040 216 176 160 144 160 208 160 152 16
1048 216 152 160 168 160 16 248 160 160
1048 216 160 160 160 160 208 176 160 16
1056 216 152 160 160 176 216 160 160 16
1080 216 160 160 160 152 208 168 160 16
1096 216 160 152 160 160 272 144 160 24 72 24 208 160 160 224 152 160 160 176 152 160 176 216 160 160 160 216 160 160 400 16 208 160 160 216 160 168 160 224 160 160 168 208 160 176 160 224 160 160 160 216 16 16 200 168
1040 216 168 160 160 160 208 160 160 16
1048 224 160 160 160 160 208 160 160 16
1048 224 160 160 160 160 200 160 168 16
1048 224 160 160 144 160 16 16 216 160 24
1048 216 152 160 168 168 200 160 160 16
1048 216 160 160 152 160 216 160 160 16
1040 216 152 160 160 160 216 160 160 16
1048 216 160 160 160 152 216 160 168 16
1048 216 160 152 160 160 216 152 160 16
1056 232 160 160 160 152 16 224 160 168
1080 224 160 144 160 160 208 152 160 16
1040 200 168 160 160 160 16 16 208 160 16
1040 224 160 160 160 160 224 160 144 16
1048 224 160 168 168 160 248 160 160 16
1048 216 160 160 144 160 24 248 152 160
1040 224 152 168 168 160 216 160 160 16
1048 224 160 160 160 160 216 160 168 16
1048 224 168 160 160 160 224 144 160 16
1048 224 160 160 176 144 224 160 160 24
1048 224 160 144 160 168 24 16 232 160 16
1056 216 160 160 168 144 208 160 160 24
1080 216 160 152 160 160 208 160 160 16
1040 224 160 160 160 160 200 168 160 16
1056 224 160 160 152 160 224 160 152 24
1040 232 144 176 160 160 200 160 160 16
1064 224 160 160 152 160 216 160 144 24
1056 224 152 168 160 160 16 200 160 160
1048 216 176 160 168 160 256 160 168 24
1064 232 152 176 160 160 16 216 160 160
1064 216 160 168 152 160 208 160 160 16
1040 232 160 152 160 160 216 152 160 16
1048 224 160 160 160 160 208 160 160
1088 232 160 168 160 160 208 160 160 16
1112 216 160 168 160 160 272 160 160 16 24 16 200 160 160 216 160 160 160 224 160 160 160 216 160 160 160 216 160 160 168 224 160 160 160 224 160 160 168 208 160 160 160 232 160 160 160 208 168 160 160 16 24 208 176 160
1048 216 160 160 144 160 208 160 152 16
1048 224 144 160 160 160 16 16 208 160 16
1040 216 160 160 152 168 208 160 168 16
1056 216 152 160 168 160 208 160 160 16
1056 216 160 160 168 144 208 160 160 16
1040 224 160 144 160 160 208 152 160 24
1056 216 160 168 168 144 208 160 168 16
1048 216 160 152 160 160 216 160 160 24
1048 224 160 168 160 160 216 160 160 16
1048 232 160 160 160 160 16 248 144 160
1088 216 160 168 160 160 200 160 160 16
1048 216 160 152 160 160 216 160 160 24
1048 216 152 160 160 160 208 160 160 16
1048 216 168 160 160 160 208 168 160 16
1040 224 160 176 160 160 216 152 168 16
1048 216 168 160 160 144 16 16 208 152 16
1064 216 176 144 176 160 208 152 160 16
1032 224 160 160 160 144 16 16 224 160 24
1048 232 160 160 160 160 208 168 160 16
1048 224 160 160 160 160 200 160 160 16
1048 216 160 168 144 160 208 160 152 16
1080 224 152 160 160 160 224 160 160 16
1048 224 160 160 144 160 248 160 152 24
1040 224 152 168 160 168 216 160 160 16
1048 224 168 168 160 160 216 160 160 24
1048 216 168 160 160 160 24 224 160 160
1048 224 160 160 160 152 208 160 160 16
1056 216 168 160 160 176 208 160 160 16
1048 224 160 160 160 168 16 216 160 160
1048 216 160 152 160 160 248 152 160 16
1048 224 160 160 160 176 208 160 160 16
1064 216 168 160 152 160 224 160 152 16
1080 224 152 160 160 160 208 168 160 16
1048 216 160 176 144 176 16 16 208 144 16
1048 216 160 160 160 176 216 160 160 16
1040 224 160 160 160 144 216 160 160 16
1048 216 160 152 160 160 208 144 160 16
1048 216 160 160 160 152 208 160 168 16
1048 224 168 144 168 160 208 160 160 16
1032 216 160 168 160 168 208 160 160 16
1048 216 160 160 160 160 208 160 152 16
1040 216 144 160 160 160 248 160 160 16
1048 232 160 160 152 160 216 160 152 16
1080 216 160 160 160 168 216 160 160 24
1048 216 160 168 160 160 208 160 168 16
1048 224 168 160 160 160 208 144 160 16
1056 224 160 168 160 152 208 160 160 24
1048 224 160 144 168 160 216 144 160 24
1040 224 160 160 160 152 216 160 168 16
1048 224 160 144 160 168 16 24 216 168 16
1064 224 160 160 176 160 200 160 160 16
1048 216 160 400 160 16 16 216 144 16
1056 216 160 160 160 176 16 16 216 168 24
1056 216 176 160 152 160 208 160 160 16
1080 216 152 160 160 168 216 160 160 16
1112 224 160 160 168 160 272 160 168 24 72 24 216 16 16 216 168 152 160 216 160 160 160 216 160 176 152 200 16 16 200 160 272 160 168 160 16 200 168 152 216 160 160 152 216 160 176 152 224 160 160 152 216 24 16 16 24
1056 216 168 152 160 160 16 200 176 160
1048 232 160 160 160 152 16 224 160 168
1048 216 160 152 160 160 216 152 160 16
1056 216 176 160 160 152 208 160 160 16
1048 216 160 152 160 160 16 208 160 160
1048 224 168 160 160 160 200 160 160 16
1064 216 160 160 152 160 216 160 144 24
1040 216 152 160 160 160 200 160 168 16
1056 224 160 160 168 168 216 160 160 16
1056 224 160 160 168 160 248 160 160 16
1080 232 160 160 160 152 208 160 160 24
1096 224 160 152 160 160 256 152 160 24 16 16 216 160 160 16 16 16 16 16 232 160 160 160 224 160 152 160 216 160 152 160 200 160 152 160 216 160 152 160 208 160 152 160 224 160 144 160 200 160 152 160 224 16 24 24 16
1032 216 176 160 160 152 224 160 160 16
1056 224 160 152 160 160 208 168 160 16
1056 216 168 160 168 160 208 160 160 16
1088 216 160 160 160 168 16 216 152 160 216 160 152 160 224 160 160 168 216 160 152 160 208 160 152 168 200 160 152 160 224 160 152 160 208 160 144 160 224 160 160 160 216 160 152 160 216 168 144 160 216 160 152 160
1128 224 160 176 160 160 16 216 160 160 16 16 208 24 16 216 176 160 160 208 160 168 160 216 160 160 160 16 16 16 16 24 16 80 16 216 160 152 72 216 160 168 200 160 160 160 224 168 160 160 216 160 160 168 224 16 16 216 16
1104 216 160 176 144 160 272 168 152 16 24 16 208 152 160 16 216 160 144 232 168 160 152 216 160 152 160 216 160 144 160 216 160 152 160 224 160 144 160 200 160 152 160 224 168 152 168 224 160 160 160 16 24 192 168 160
1088 224 152 160 160 160 264 160 168 16 24 224 160 160 200 152 160 160 216 160 160 160 216 160 160 160 216 160 160 168 224 160 160 160 192 160 168 160 232 144 160 160 208 152 160 160 224 144 168 160 16 208 160 160
1072 216 160 160 160 160 272 160 160 16 16 16 16 16 216 208 160 160 168 224 160 160 160 208 160 160 168 208 160 160 160 208 160 168 168 232 160 160 168 200 160 160 160 216 160 160 160 216 160 160 168 16 24 16 16 224
1048 216 160 160 160 160 216 152 160 16
1064 216 160 160 168 152 216 160 160 16
1048 216 160 152 160 160 208 144 160 16
1056 216 160 160 160 152 208 160 168 16
1048 216 160 168 168 160 216 160 160 16
1080 216 160 160 160 160 208 168 168 16
1120 224 160 160 152 160 264 160 144 24 24 16 200 16 16 96 24 216 152 160 224 168 160 160 224 160 144 160 16 16 16 24 24 16 64 16 216 160 160 24 208 152 160 224 168 144 168 224 160 144 160 224 160 144 160 224 16 16 16 16
1048 216 144 160 160 160 200 160 176 24
1048 232 160 160 152 160 216 160 160 24
1048 232 144 160 160 160 216 160 160 24
1056 232 160 160 168 152 208 160 160 24
1048 216 160 152 168 168 208 152 160 16
1048 224 160 160 176 152 208 160 160 16
1040 216 160 144 160 160 16 208 152 160
1032 208 160 160 160 168 208 176 160 16
1048 216 160 160 160 168 208 160 152 16
1064 224 160 160 176 160 200 160 160 16
1080 216 160 160 152 160 224 160 152 16
1104 224 152 160 160 160 248 168 160 24 16 216 160 16 16 64 216 160 160 224 160 160 160 224 160 160 168 208 144 160 168 224 152 160 160 208 152 160 160 216 152 160 160 224 152 160 160 200 152 160 160 16 208 160 16 16
1048 232 160 160 160 160 24 200 176 144
1040 216 160 160 160 160 16 208 160 160
1056 216 160 168 160 152 224 160 160 16
1064 232 160 144 160 160 208 152 160 24
