# D-EJ815 CD Player remote control dump while playing track with 100k pulldown between data and ground
-804, +1504, -179, +69, -113, +66, -118, +61, -122, +56, -126, +52, -130, +53, -130, +51, -131, +53, -130, +1170, -3, +3, -181, +4, -179, +3, -180, +4, -177, +4, -178, +4, -178, +180, -3, +30371, -201, +3,
-806, +30329, -230, +3,
-805, +1282, -179, +52, -130, +51, -132, +53, -131, +51, -130, +53, -130, +53, -130, +53, -130, +52, -131, +1221, -3, +3, -181, +4, -179, +4, -180, +3, -180, +2, -180, +4, -179, +181, -3, +29856, -202, +2,
-806, +28373,
-1063, +1604, -179, +52, -131, +53, -130, +51, -132, +53, -130, +51, -131, +53, -130, +52, -132, +52, -132, +3024, -3, +3, -180, +4, -179, +4, -180, +4, -179, +4, -180, +3, -180, +181, -3, +29356, -201, +3,
-806, +29600, -230, +3,
-805, +1223, -179, +52, -130, +52, -132, +52, -131, +49, -133, +53, -130, +52, -131, +52, -130, +52, -131, +1211, -2, +2, -180, +3, -180, +2, -180, +4, -179, +4, -180, +2, -180, +182, -3, +30350, -229, +3,
-807, +27967, -202, +2,
-805, +1235, -179, +52, -130, +53, -130, +51, -130, +52, -130, +53, -130, +53, -130, +53, -130, +53, -130, +1633, -2, +2, -180, +3, -180, +3, -180, +4, -178, +4, -180, +2, -180, +181, -3, +29910,
-1062, +66570,
-1037, +1452, -179, +53, -130, +54, -129, +53, -130, +53, -130, +53, -130, +51, -131, +53, -130, +52, -130, +989, -3, +3, -181, +4, -179, +3, -179, +4, -178, +4, -180, +3, -180, +181, -3, +32074, -229, +3,
-807, +30101, -203, +2,
-805, +1340, -179, +53, -130, +54, -129, +53, -129, +52, -131, +54, -129, +53, -130, +54, -129, +52, -131, +1077, -3, +2, -181, +3, -179, +4, -180, +3, -181, +4, -180, +3, -179, +182, -3, +29870, -230, +3,
-807, +27993, -202, +3,
-805, +1236, -178, +54, -129, +53, -130, +51, -131, +50, -133, +51, -132, +52, -132, +53, -131, +51, -132, +1218, -2, +2, -180, +3, -180, +3, -180, +4, -179, +4, -179, +3, -180, +181, -3, +31728, -229, +3,
-806, +31862, -204, +2,
-805, +1271, -179, +54, -129, +51, -132, +52, -131, +52, -131, +52, -130, +53, -131, +53, -130, +52, -131, +1164, -3, +3, -181, +2, -181, +3, -181, +3, -179, +4, -180, +3, -180, +181, -3, +31572, -230, +3,
-806, +34037,
-1035, +1232, -179, +53, -130, +53, -130, +52, -131, +52, -130, +52, -131, +53, -130, +53, -130, +51, -132, +1252, -3, +2, -179, +4, -180, +4, -179, +4, -181, +4, -179, +4, -180, +181, -3, +32012,
-1062, +3, -56, +181, -3, +30585, -202, +3,
-805, +1165, -178, +52, -130, +50, -133, +52, -130, +51, -131, +53, -131, +53, -131, +53, -129, +51, -133, +1696, -3, +3, -181, +3, -179, +4, -180, +3, -180, +4, -181, +2, -181, +180, -2, +29850, -232, +3,
-805, +69, -3, +32248, -202, +3,
-805, +1246, -178, +52, -130, +52, -131, +53, -129, +52, -132, +53, -129, +54, -130, +52, -130, +53, -130, +1219, -3, +3, -181, +2, -180, +3, -180, +4, -179, +4, -180, +3, -180, +181, -2, +31291, -202, +3,
-806, +29503, -203, +2,
-804, +1126, -179, +53, -130, +54, -129, +51, -131, +53, -129, +53, -130, +51, -133, +52, -130, +54, -128, +1203, -3, +4, -180, +3, -180, +2, -180, +4, -179, +4, -180, +2, -180, +179, -2, +30383,
-1035, +124, -3, +32191, -202, +3,
-806, +1112, -179, +52, -131, +52, -129, +53, -130, +53, -131, +52, -129, +52, -131, +51, -132, +51, -132, +1168, -3, +3, -180, +4, -179, +4, -180, +3, -180, +4, -179, +4, -179, +182, -3, +28890, -230, +2,
-806, +29926, -202, +3,
-805, +1438, -178, +52, -131, +51, -131, +52, -130, +53, -130, +53, -130, +52, -131, +53, -130, +53, -130, +1278, -3, +3, -181, +3, -179, +4, -180, +2, -180, +2, -181, +3, -180, +180, -3, +31802, -229, +3,
-807, +240, -2, +3, -177, +3, -183, +3, -178, +3, -180, +4, -178, +4, -180, +181, -2, +29280, -230, +3,
-805, +1187, -179, +51, -131, +52, -129, +52, -131, +53, -132, +51, -130, +52, -131, +52, -130, +53, -130, +1138, -2, +3, -179, +3, -180, +4, -180, +3, -180, +3, -180, +3, -179, +182, -3, +31324, -229, +3,
-807, +31314, -230, +3,
-805, +1288, -179, +53, -130, +53, -130, +53, -131, +49, -133, +53, -128, +53, -131, +52, -130, +53, -130, +1214, -3, +3, -180, +3, -179, +4, -181, +3, -181, +3, -181, +3, -180, +180, -3, +32742,
-1035, +387, -2, +3, -180, +4, -180, +3, -179, +4, -180, +2, -182, +3, -180, +181, -3, +33184,
-1063, +1309, -179, +50, -131, +52, -130, +53, -130, +53, -130, +52, -128, +54, -128, +52, -133, +52, -130, +1134, -3, +2, -179, +2, -180, +4, -179, +4, -179, +4, -180, +4, -179, +181, -2, +31406,
-1035, +117, -3, +34257, -201, +3,
-805, +1203, -179, +53, -129, +51, -131, +53, -130, +52, -130, +53, -130, +53, -130, +53, -130, +51, -130, +1224, -2, +4, -180, +3, -180, +3, -180, +4, -179, +4, -180, +3, -180, +181, -3, +33163,
-1065, +30895, -202, +3,
-805, +2172, -178, +51, -132, +53, -129, +53, -130, +53, -130, +52, -131, +53, -130, +53, -130, +53, -130, +1563, -2, +4, -180, +3, -180, +3, -181, +4, -179, +4, -180, +3, -180, +180, -3, +35382, -202, +2,
-805, +104, -3, +35082, -201, +3,
-807, +1139, -178, +51, -130, +53, -132, +52, -130, +51, -132, +52, -131, +53, -132, +53, -130, +53, -129, +1308, -2, +2, -180, +3, -180, +4, -180, +2, -180, +3, -180, +4, -179, +181, -3, +34697,
-1035, +34998, -230, +3,
-805, +1610, -179, +54, -129, +50, -131, +50, -132, +53, -130, +52, -131, +53, -130, +53, -130, +48, -135, +2811, -2, +3, -180, +4, -179, +4, -181, +2, -180, +3, -180, +4, -179, +182, -3, +34821,
-1034, +2, -3, +33981, -202, +3,
-805, +1280, -179, +50, -133, +53, -129, +53, -131, +51, -131, +53, -130, +52, -132, +53, -130, +52, -131, +1132, -3, +3, -180, +3, -180, +2, -180, +4, -179, +4, -181, +2, -181, +182, -2, +33874, -201, +3,
-807, +33068,
-1064, +1962, -178, +53, -130, +51, -132, +53, -130, +53, -130, +51, -130, +52, -129, +53, -131, +52, -131, +1484, -3, +3, -180, +4, -179, +4, -180, +4, -178, +4, -180, +4, -179, +182, -3, +33335, -203, +3,
-806, +32489, -232, +3,
-805, +1695, -179, +53, -130, +52, -130, +53, -131, +52, -131, +53, -130, +53, -131, +53, -130, +53, -130, +1041, -3, +3, -180, +2, -180, +2, -180, +4, -179, +4, -180, +3, -180, +182, -2, +34686,
-1035, +2, -73, +3, -180, +4, -180, +181, -3, +31813, -229, +3,
-805, +1295, -178, +54, -128, +53, -131, +54, -129, +51, -132, +50, -133, +53, -130, +52, -130, +53, -131, +1383, -3, +3, -180, +2, -178, +4, -181, +2, -181, +3, -180, +2, -181, +181, -2, +35847,
-1063, +2, -174, +2, -180, +181, -2, +33699,
-1036, +1129, -178, +52, -128, +54, -129, +50, -132, +53, -130, +52, -131, +53, -129, +51, -132, +53, -129, +1424, -2, +3, -180, +3, -180, +4, -181, +3, -180, +4, -180, +3, -180, +182, -3, +38366, -201, +3,
-806, +35613, -203, +2,
-805, +1621, -179, +52, -132, +52, -130, +53, -131, +51, -131, +52, -131, +53, -130, +53, -130, +52, -131, +1253, -3, +3, -180, +2, -180, +3, -181, +3, -180, +2, -180, +4, -179, +181, -2, +36481, -229, +2,
-806, +248, -2, +2, -179, +3, -182, +2, -180, +3, -180, +2, -180, +3, -180, +181, -3, +40023, -202, +2,
-806, +1049, -178, +52, -130, +52, -130, +51, -131, +53, -131, +53, -130, +50, -132, +53, -130, +53, -129, +1303, -3, +3, -181, +2, -181, +3, -179, +4, -180, +3, -179, +4, -179, +181, -2, +32792, -202, +2,
-806, +33772, -202, +2,
-805, +1617, -178, +54, -129, +51, -132, +53, -129, +51, -132, +54, -129, +53, -130, +53, -130, +53, -130, +1908, -3, +3, -180, +4, -179, +4, -180, +3, -180, +3, -180, +4, -179, +181, -3, +34191, -204, +2,
-805, +2, -3, +3, -173, +3, -179, +3, -181, +3, -179, +180, -2, +31624, -201, +2,
-806, +1967, -178, +50, -132, +51, -131, +53, -131, +51, -132, +52, -129, +53, -130, +53, -130, +53, -130, +2925, -3, +4, -180, +3, -178, +2, -180, +4, -179, +4, -181, +2, -180, +182, -2, +32241, -201, +2,
-805, +2, -21, +4, -180, +2, -180, +4, -181, +178, -3, +32841,
-1035, +1191, -177, +53, -129, +54, -128, +53, -131, +52, -130, +50, -132, +53, -130, +53, -130, +52, -129, +1416, -3, +2, -179, +4, -180, +4, -180, +3, -179, +4, -180, +4, -180, +181, -3, +35353, -229, +2,
-806, +65, -3, +35094, -201, +2,
-807, +1209, -177, +53, -129, +53, -130, +53, -130, +52, -130, +53, -128, +54, -130, +53, -130, +51, -131, +1274, -3, +2, -180, +4, -179, +4, -181, +2, -181, +3, -179, +4, -179, +181, -3, +34866, -231, +3,
-805, +420, -2, +3, -179, +3, -179, +2, -181, +3, -182, +3, -179, +3, -181, +180, -3, +32617, -203, +3,
-805, +1168, -179, +53, -130, +51, -131, +53, -130, +53, -130, +53, -129, +53, -130, +53, -130, +53, -130, +1576, -3, +3, -182, +3, -180, +3, -181, +2, -178, +3, -180, +4, -177, +182, -3, +31903, -201, +2,
-806, +30810, -276, +3,
-805, +1250, -177, +55, -128, +50, -133, +52, -129, +48, -136, +53, -130, +51, -132, +52, -132, +52, -131, +1269, -2, +3, -180, +4, -179, +4, -180, +2, -180, +3, -181, +3, -179, +181, -3, +35442, -277, +3,
-806, +55, -4, +37950, -231, +3,
-805, +1674, -176, +54, -129, +53, -130, +53, -129, +53, -130, +52, -130, +53, -130, +53, -130, +49, -134, +1549, -3, +3, -180, +4, -179, +4, -180, +2, -180, +4, -180, +3, -179, +181, -3, +33822,
-1065, +66, -3, +34743, -201, +3,
-806, +1272, -178, +52, -130, +50, -133, +52, -130, +51, -132, +52, -129, +53, -131, +53, -129, +50, -133, +1458, -3, +4, -180, +3, -180, +3, -180, +4, -178, +4, -180, +2, -180, +181, -2, +36124, -230, +3,
-806, +34271, -231, +3,
-805, +1363, -179, +53, -129, +53, -130, +53, -130, +51, -132, +50, -133, +52, -131, +51, -130, +53, -130, +1273, -3, +4, -180, +3, -180, +2, -180, +4, -179, +4, -180, +2, -180, +182, -2, +33781, -201, +2,
-806, +35719, -201, +3,
-805, +1207, -179, +53, -130, +53, -129, +53, -130, +52, -132, +53, -128, +53, -131, +51, -131, +52, -130, +1329, -2, +2, -180, +3, -180, +3, -180, +4, -179, +4, -180, +2, -180, +181, -3, +33613,
-1034, +2, -97, +3, -180, +3, -180, +181, -3, +32674, -277, +2,
-805, +1294, -179, +53, -130, +53, -130, +53, -129, +51, -131, +51, -131, +53, -130, +51, -130, +51, -133, +2143, -3, +3, -180, +3, -181, +3, -180, +4, -179, +4, -180, +3, -180, +181, -3, +32104,
-1109, +493, -3, +3, -179, +4, -180, +2, -179, +4, -180, +4, -179, +4, -179, +183, -3, +35582, -230, +3,
-805, +1277, -178, +52, -131, +53, -129, +52, -130, +53, -131, +51, -131, +51, -132, +53, -131, +48, -134, +1206, -2, +2, -181, +3, -180, +2, -180, +3, -179, +4, -180, +3, -179, +181, -3, +35115, -232, +3,
-806, +3, -107, +2, -180, +4, -180, +3, -180, +179, -3, +35192, -230, +2,
-806, +2021, -179, +51, -129, +51, -131, +53, -130, +53, -130, +52, -131, +52, -130, +52, -132, +51, -130, +1082, -3, +3, -180, +2, -178, +4, -180, +2, -180, +3, -181, +3, -180, +179, -2, +32991,
-1062, +2, -178, +4, -180, +180, -3, +42686, -230, +3,
-805, +1318, -179, +52, -131, +49, -134, +53, -130, +52, -130, +53, -129, +53, -130, +53, -130, +53, -132, +1107, -3, +2, -178, +4, -179, +3, -180, +3, -180, +4, -180, +3, -180, +180, -3, +32389,
-1035, +33430,
-1062, +1396, -179, +52, -130, +53, -130, +52, -131, +50, -132, +51, -132, +52, -131, +53, -130, +53, -130, +1691, -2, +3, -180, +2, -181, +4, -180, +3, -180, +4, -181, +3, -180, +182, -3, +31314,
-1035, +35036, -201, +2,
-805, +1450, -179, +52, -131, +52, -130, +52, -130, +53, -130, +52, -131, +52, -131, +51, -133, +52, -131, +1238, -3, +3, -180, +2, -181, +3, -181, +3, -179, +4, -180, +3, -180, +181, -2, +33864,
-1063, +194, -3, +3, -180, +4, -180, +4, -180, +3, -178, +4, -180, +4, -179, +181, -2, +34939, -201, +3,
-805, +1179, -177, +53, -130, +53, -131, +52, -130, +49, -132, +52, -131, +53, -130, +53, -129, +53, -129, +2477, -3, +3, -181, +4, -178, +3, -180, +4, -178, +3, -180, +2, -180, +181, -3, +34878, -202, +2,
-805, +34116, -230, +2,
-805, +2280, -179, +53, -130, +52, -131, +51, -132, +53, -130, +53, -130, +52, -131, +50, -133, +51, -132, +1462, -3, +3, -181, +4, -179, +4, -180, +3, -180, +2, -180, +4, -179, +181, -3, +35834, -231, +3,
-806, +34795, -203, +2,
-805, +1286, -179, +52, -131, +51, -132, +53, -131, +52, -130, +51, -132, +53, -130, +52, -130, +53, -130, +1238, -3, +4, -180, +3, -179, +4, -180, +3, -180, +4, -180, +2, -180, +180, -3, +35932, -231, +3,
-807, +36496, -202, +3,
-805, +1524, -179, +52, -131, +51, -130, +53, -130, +53, -130, +53, -130, +53, -130, +53, -131, +52, -131, +1669, -3, +4, -181, +2, -180, +3, -180, +3, -180, +4, -179, +3, -180, +180, -3, +31921, -201, +3,
-806, +34752, -204, +3,
-805, +1154, -178, +52, -129, +51, -133, +51, -130, +51, -131, +53, -130, +53, -130, +53, -130, +53, -130, +1254, -2, +2, -180, +3, -180, +3, -181, +3, -179, +4, -181, +2, -180, +182, -3, +33221, -204, +3,
-807, +30707, -278, +2,
-805, +1319, -177, +53, -130, +53, -131, +52, -130, +51, -132, +53, -130, +51, -132, +52, -132, +51, -131, +2165, -3, +3, -180, +4, -179, +4, -180, +3, -180, +2, -181, +3, -179, +181, -3, +36491, -231, +3,
-807, +3, -3, +3, -173, +3, -178, +3, -180, +4, -180, +2, -179, +181, -3, +37479,
-1035, +1208, -179, +51, -132, +51, -130, +53, -130, +51, -132, +51, -132, +53, -129, +53, -130, +53, -131, +1165, -3, +2, -179, +2, -180, +4, -178, +4, -179, +4, -180, +2, -180, +181, -2, +37048, -230, +3,
-806, +35222, -203, +2,
-805, +1258, -179, +54, -129, +53, -130, +53, -128, +53, -130, +52, -131, +53, -130, +53, -130, +53, -130, +1921, -3, +4, -180, +3, -179, +4, -180, +3, -180, +4, -180, +2, -180, +180, -3, +33435, -230, +3,
-806, +4, -109, +2, -180, +3, -181, +181, -3, +37006,
-1080, +1622, -179, +52, -131, +53, -130, +51, -130, +53, -130, +53, -130, +53, -129, +52, -132, +52, -132, +1167, -2, +3, -180, +4, -178, +4, -181, +4, -179, +4, -181, +4, -179, +183, -2, +34654, -203, +3,
-806, +3, -139, +2, -178, +2, -181, +4, -179, +181, -3, +34804,
-1034, +1457, -179, +53, -130, +53, -130, +52, -129, +53, -131, +50, -131, +52, -131, +52, -131, +54, -129, +1325, -3, +3, -179, +2, -180, +4, -180, +3, -179, +4, -180, +4, -179, +181, -3, +34594, -230, +2,
-806, +36122, -203, +3,
-805, +1385, -179, +52, -130, +52, -131, +52, -130, +51, -132, +51, -132, +52, -131, +53, -130, +52, -131, +1231, -3, +2, -180, +3, -180, +2, -180, +4, -179, +4, -180, +2, -181, +182, -3, +35109,
-1034, +63, -3, +33437,
-1109, +1342, -177, +53, -130, +53, -130, +52, -128, +53, -130, +53, -130, +54, -129, +53, -130, +50, -132, +1452, -3, +2, -179, +2, -181, +4, -180, +2, -180, +4, -180, +4, -179, +182, -2, +36776, -204, +3,
-806, +34650, -252, +3,
-805, +1414, -177, +53, -128, +50, -133, +53, -130, +53, -130, +53, -130, +53, -131, +53, -130, +53, -130, +1596, -2, +2, -180, +4, -179, +4, -181, +2, -181, +3, -180, +2, -180, +182, -3, +34637, -200, +3,
-807, +2, -3, +3, -170, +3, -180, +4, -180, +3, -180, +3, -179, +181, -2, +33559, -203, +3,
-805, +1643, -179, +53, -130, +53, -129, +53, -130, +53, -129, +52, -130, +52, -130, +52, -129, +53, -130, +1116, -3, +3, -183, +2, -178, +3, -180, +4, -179, +4, -180, +3, -179, +181, -3, +39032, -200, +3,
-807, +1157, -3, +2, -179, +4, -181, +3, -179, +4, -180, +2, -180, +2, -180, +181, -3, +43534,
-1064, +3495, -179, +52, -130, +52, -130, +50, -133, +53, -131, +52, -130, +52, -132, +52, -130, +53, -130, +2189, -3, +3, -179, +3, -180, +4, -180, +4, -179, +4, -180, +4, -180, +181, -3, +50376, -203, +3,
-806, +461, -3, +3, -178, +2, -181, +3, -182, +3, -178, +4, -180, +3, -179, +181, -2, +47259,
-1035, +3163, -179, +52, -131, +53, -128, +52, -132, +51, -130, +51, -132, +53, -130, +52, -130, +53, -131, +2327, -3, +3, -180, +3, -179, +4, -180, +3, -178, +4, -180, +4, -179, +183, -3, +44700, -201, +2,
-806, +13, -179, +4, -181, +3, -180, +4, -179, +4, -180, +4, -180, +181, -3, +45102, -232, +3,
-806, +2593, -178, +52, -129, +53, -131, +51, -130, +53, -130, +53, -130, +53, -129, +53, -131, +52, -130, +2597, -3, +3, -179, +3, -180, +3, -180, +3, -180, +2, -180, +3, -180, +180, -3, +51847, -201, +3,
-807, +8, -180, +3, -180, +3, -180, +181, -2, +43105,
-1035, +1462, -177, +52, -130, +53, -129, +50, -133, +52, -131, +53, -130, +54, -129, +50, -133, +51, -133, +1156, -3, +3, -180, +3, -180, +4, -180, +3, -180, +4, -180, +3, -180, +182, -3, +37078, -230, +2,
-806, +557, -2, +3, -177, +3, -180, +4, -177, +4, -180, +2, -178, +3, -180, +181, -3, +43238,
-1063, +1460, -179, +50, -132, +53, -127, +53, -131, +53, -130, +49, -134, +52, -130, +50, -131, +53, -130, +2678, -2, +3, -178, +4, -179, +4, -181, +3, -180, +3, -179, +4, -180, +181, -3, +39956, -201, +3,
-806, +3, -72, +4, -181, +3, -180, +182, -3, +44580,
-1036, +1317, -178, +53, -130, +51, -130, +53, -130, +53, -131, +51, -130, +53, -130, +52, -131, +53, -130, +1108, -2, +3, -178, +4, -180, +4, -180, +3, -180, +4, -180, +2, -181, +181, -3, +47329, -201, +3,
-806, +41872, -202, +3,
-805, +1370, -179, +53, -130, +52, -131, +53, -130, +51, -132, +53, -130, +51, -132, +49, -134, +52, -131, +1099, -3, +3, -180, +4, -179, +4, -180, +3, -180, +3, -182, +2, -179, +182, -3, +45377, -201, +2,
-806, +1772, -2, +2, -179, +4, -178, +3, -180, +3, -180, +4, -179, +4, -180, +181, -2, +39810, -233, +2,
-807, +3562, -179, +53, -130, +51, -130, +53, -130, +53, -130, +53, -129, +53, -130, +52, -132, +51, -131, +1352, -3, +3, -180, +3, -180, +3, -178, +4, -180, +3, -180, +4, -179, +181, -3, +44150, -201, +3,
-806, +1579, -3, +3, -179, +4, -180, +4, -180, +4, -179, +4, -179, +2, -180, +181, -3, +39987,
-1063, +1388, -179, +48, -133, +53, -130, +51, -132, +53, -129, +52, -130, +53, -130, +53, -130, +52, -131, +1674, -3, +3, -179, +4, -178, +4, -178, +4, -180, +3, -180, +2, -180, +182, -3, +41534, -202, +5,
-804, +10, -181, +3, -180, +3, -180, +4, -180, +181, -2, +43885,
-1035, +3191, -178, +52, -131, +52, -129, +53, -130, +53, -130, +53, -129, +54, -129, +53, -131, +53, -129, +4477, -3, +3, -180, +4, -179, +4, -180, +4, -180, +3, -180, +4, -181, +181, -3, +41732, -230, +3,
-806, +37539,
-1063, +1349, -179, +52, -131, +53, -129, +53, -131, +52, -129, +53, -130, +52, -131, +52, -131, +53, -130, +1885, -3, +4, -179, +4, -181, +3, -181, +4, -180, +4, -178, +4, -180, +181, -2, +38436, -201, +2,
-807, +3, -54, +3, -180, +181, -2, +41011, -202, +3,
-806, +1537, -179, +52, -130, +52, -131, +53, -130, +49, -133, +54, -129, +53, -129, +53, -132, +50, -131, +3514, -3, +4, -180, +3, -180, +2, -180, +4, -179, +4, -181, +2, -181, +182, -2, +37724,
-1063, +3, -31, +4, -176, +3, -180, +4, -179, +3, -181, +182, -3, +41015, -230, +3,
-805, +1498, -179, +53, -129, +53, -130, +51, -130, +52, -132, +53, -129, +53, -130, +50, -133, +53, -130, +1332, -3, +3, -180, +3, -179, +4, -180, +3, -181, +3, -180, +3, -179, +181, -3, +44006,
-1064, +3, -126, +4, -178, +4, -180, +181, -3, +37992,
-1035, +1107, -177, +50, -133, +53, -130, +51, -130, +53, -132, +51, -131, +52, -127, +50, -134, +53, -130, +2166, -3, +2, -180, +4, -179, +4, -180, +4, -180, +3, -180, +4, -181, +181, -3, +40938, -279, +2,
-806, +43757,
-1064, +2168, -178, +53, -130, +54, -129, +52, -131, +53, -130, +52, -131, +51, -132, +53, -130, +53, -130, +2727, -3, +3, -179, +4, -181, +4, -180, +2, -180, +4, -180, +3, -180, +181, -3, +40552, -204, +3,
-806, +40643,
-1063, +1796, -179, +52, -131, +53, -129, +53, -130, +53, -129, +53, -130, +53, -130, +53, -130, +53, -130, +2406, -3, +2, -180, +3, -180, +4, -180, +2, -181, +4, -180, +2, -180, +181, -3, +41645,
-1063, +3123, -2, +3, -179, +4, -180, +2, -180, +4, -179, +4, -180, +2, -179, +181, -3, +40202, -279, +3,
-805, +2082, -178, +51, -131, +50, -133, +51, -130, +51, -132, +53, -130, +53, -130, +51, -133, +52, -130, +3201, -3, +3, -180, +3, -180, +4, -180, +3, -180, +3, -181, +3, -180, +182, -3, +38619, -201, +2,
-806, +39135, -202, +3,
-806, +1476, -179, +52, -129, +53, -130, +52, -131, +50, -133, +53, -129, +53, -132, +52, -131, +52, -131, +1624, -2, +2, -180, +3, -180, +3, -180, +4, -179, +4, -180, +2, -180, +181, -3, +45828,
-1063, +3, -26, +3, -179, +181, -3, +42025, -230, +3,
-807, +2460, -178, +53, -130, +53, -130, +52, -130, +51, -130, +54, -129, +49, -134, +52, -129, +53, -130, +1267, -3, +3, -181, +4, -179, +4, -180, +3, -180, +2, -180, +4, -179, +181, -3, +43248, -202, +3,
-806, +39705, -231, +3,
-805, +1596, -177, +54, -129, +51, -132, +52, -132, +53, -131, +53, -130, +51, -131, +53, -130, +52, -131, +1380, -2, +2, -181, +3, -179, +4, -181, +2, -181, +3, -181, +3, -180, +180, -3, +47177,
-1035, +847, -3, +4, -181, +4, -178, +4, -180, +4, -180, +3, -179, +4, -180, +181, -3, +43949, -230, +2,
-807, +3486, -178, +51, -130, +52, -130, +53, -130, +52, -130, +53, -129, +53, -130, +52, -130, +52, -131, +1278, -3, +3, -180, +3, -181, +3, -180, +3, -180, +3, -180, +3, -180, +181, -3, +44908, -232, +3,
-806, +2, -160, +3, -180, +4, -180, +3, -180, +181, -3, +43972, -230, +3,
-807, +3115, -179, +53, -128, +53, -130, +53, -131, +51, -131, +53, -130, +52, -130, +50, -131, +53, -130, +1237, -3, +4, -179, +3, -180, +3, -182, +2, -179, +3, -180, +2, -180, +181, -3, +39542,
-1063, +3, -3, +2, -173, +3, -179, +4, -180, +4, -179, +3, -180, +182, -3, +41198, -203, +3,
-805, +1772, -178, +52, -130, +49, -134, +53, -129, +52, -130, +53, -129, +52, -132, +52, -130, +51, -132, +1077, -2, +2, -181, +3, -180, +2, -180, +3, -179, +4, -180, +4, -178, +181, -3, +50027,
-1062, +384, -3, +4, -180, +4, -180, +2, -179, +4, -181, +4, -180, +3, -179, +183, -2, +45575, -203, +2,
-804, +3691, -179, +51, -130, +51, -131, +53, -130, +53, -129, +53, -130, +53, -130, +53, -132, +50, -132, +3455, -4, +3, -179, +3, -181, +3, -181, +4, -179, +4, -180, +3, -180, +181, -3, +47331,
-1035, +1958, -3, +3, -179, +4, -178, +3, -181, +4, -178, +3, -180, +2, -180, +181, -2, +52342, -201, +2,
-805, +2439, -179, +52, -130, +51, -131, +53, -129, +50, -132, +52, -130, +53, -130, +51, -130, +53, -131, +3524, -2, +2, -180, +4, -179, +4, -180, +3, -180, +3, -180, +3, -180, +181, -3, +47263, -230, +3,
-806, +633, -3, +2, -178, +3, -180, +4, -180, +3, -180, +4, -179, +3, -179, +182, -3, +42900, -263, +2,
-805, +2413, -180, +46, -135, +53, -130, +46, -137, +51, -132, +53, -130, +53, -129, +53, -131, +47, -135, +3682, -3, +3, -179, +4, -179, +4, -180, +3, -179, +2, -181, +3, -180, +180, -3, +55209,
-1035, +2276, -2, +2, -179, +4, -179, +4, -179, +4, -179, +4, -180, +3, -180, +181, -3, +50905,
-1063, +3097, -179, +50, -131, +52, -131, +53, -130, +52, -129, +52, -132, +52, -130, +53, -131, +48, -134, +1211, -2, +3, -179, +4, -180, +4, -179, +3, -180, +4, -180, +2, -179, +182, -2, +42293,
-1038, +10, -178, +4, -180, +2, -179, +4, -180, +2, -179, +181, -2, +46737, -201, +3,
-806, +3016, -179, +53, -128, +53, -130, +53, -130, +51, -132, +53, -130, +50, -132, +53, -130, +53, -131, +1211, -2, +2, -181, +3, -180, +3, -180, +3, -179, +4, -180, +3, -179, +181, -3, +48896, -202, +2,
-804, +40994, -203, +2,
-805, +1520, -179, +50, -132, +53, -131, +53, -130, +52, -131, +52, -131, +52, -131, +52, -131, +52, -131, +1305, -2, +2, -180, +4, -179, +4, -180, +2, -180, +3, -180, +4, -179, +181, -3, +44222, -230, +3,
-806, +3, -95, +5, -180, +3, -179, +181, -3, +47380, -204, +3,
-806, +1268, -178, +52, -131, +55, -129, +50, -131, +49, -134, +53, -130, +53, -128, +53, -130, +52, -131, +1731, -3, +3, -178, +3, -180, +5, -179, +3, -181, +3, -179, +4, -179, +182, -3, +44344, -203, +3,
-807, +2, -153, +4, -177, +181, -4, +42716, -203, +2,
-806, +1309, -179, +53, -130, +52, -130, +53, -129, +53, -130, +53, -130, +53, -130, +51, -130, +52, -131, +1731, -3, +3, -180, +3, -181, +3, -180, +4, -179, +4, -180, +3, -180, +181, -3, +44859, -201, +3,
-805, +2, -150, +4, -179, +181, -3, +48297, -230, +2,
-806, +2412, -179, +53, -129, +53, -131, +53, -129, +53, -131, +51, -130, +52, -131, +52, -131, +53, -130, +1534, -2, +4, -181, +2, -180, +3, -180, +3, -180, +4, -180, +3, -180, +180, -3, +47462,
-1034, +2, -3, +4, -180, +5, -179, +4, -180, +3, -178, +4, -180, +4, -179, +182, -2, +43521,
-1095, +2877, -178, +53, -130, +53, -130, +53, -127, +52, -130, +51, -131, +50, -133, +50, -134, +54, -129, +1447, -3, +3, -178, +4, -180, +4, -179, +2, -180, +4, -181, +3, -179, +183, -3, +40684, -204, +3,
-807, +3, -108, +3, -180, +4, -180, +3, -180, +180, -3, +45243, -201, +3,
-807, +3812, -179, +50, -132, +53, -130, +50, -133, +53, -129, +54, -130, +51, -132, +51, -131, +51, -131, +3146, -3, +3, -180, +4, -179, +4, -180, +3, -180, +3, -182, +2, -179, +182, -2, +46982,
-1062, +760, -3, +3, -180, +4, -180, +4, -179, +4, -180, +3, -180, +4, -180, +181, -2, +46567, -204, +3,
-805, +1660, -178, +49, -131, +54, -130, +53, -130, +53, -129, +49, -133, +53, -130, +53, -130, +53, -130, +1283, -3, +3, -180, +3, -180, +2, -180, +3, -180, +3, -181, +2, -180, +181, -2, +49442, -230, +3,
-805, +3, -163, +4, -179, +4, -179, +3, -180, +3, -180, +3, -179, +181, -3, +49645, -231, +3,
-806, +2979, -179, +53, -129, +51, -132, +53, -130, +53, -130, +53, -129, +53, -130, +53, -131, +51, -132, +1521, -2, +3, -180, +3, -180, +5, -179, +3, -180, +2, -181, +3, -180, +181, -3, +47353, -201, +3,
-807, +2, -3, +3, -177, +2, -179, +4, -180, +2, -180, +4, -180, +180, -3, +44503, -251, +3,
-805, +2247, -179, +52, -130, +53, -130, +53, -130, +53, -130, +51, -130, +53, -130, +52, -132, +50, -131, +2123, -3, +2, -180, +4, -179, +4, -180, +2, -179, +3, -181, +3, -180, +180, -2, +49929, -229, +3,
-807, +2, -95, +4, -180, +2, -179, +183, -2, +46912, -231, +3,
-805, +1560, -179, +53, -130, +50, -131, +52, -130, +53, -130, +53, -129, +53, -130, +53, -131, +51, -132, +2791, -3, +4, -180, +3, -180, +2, -180, +3, -180, +4, -180, +3, -181, +180, -2, +47357, -230, +3,
-805, +2, -81, +4, -180, +4, -178, +181, -2, +47157, -203, +3,
-805, +1316, -179, +53, -130, +53, -130, +53, -130, +48, -134, +53, -130, +51, -132, +53, -129, +52, -131, +1291, -3, +3, -180, +4, -179, +4, -180, +3, -179, +3, -181, +3, -180, +180, -3, +48570,
-1083, +840, -3, +3, -180, +4, -181, +3, -178, +4, -179, +3, -180, +4, -180, +181, -3, +46610, -231, +3,
-806, +3287, -178, +53, -129, +53, -130, +53, -130, +53, -130, +51, -130, +53, -130, +52, -130, +52, -129, +1157, -3, +4, -179, +4, -178, +4, -180, +2, -178, +3, -182, +2, -179, +180, -3, +49673, -201, +3,
-806, +3, -74, +183, -3, +44402, -230, +3,
-806, +3624, -178, +53, -129, +53, -130, +53, -131, +52, -131, +54, -129, +53, -130, +53, -130, +51, -131, +2882, -3, +3, -181, +4, -179, +4, -180, +3, -180, +3, -182, +3, -179, +181, -2, +48631, -250, +3,
-805, +2, -146, +4, -179, +4, -181, +2, -178, +3, -181, +181, -3, +50798, -230, +3,
-805, +1414, -178, +54, -128, +50, -133, +50, -132, +51, -132, +53, -130, +52, -129, +53, -130, +53, -130, +1730, -4, +3, -181, +3, -180, +4, -180, +2, -178, +3, -178, +4, -178, +181, -3, +48299, -230, +2,
-806, +3, -122, +2, -179, +3, -180, +4, -179, +182, -2, +46980, -265, +3,
-807, +2953, -179, +52, -130, +52, -131, +50, -133, +50, -131, +54, -130, +51, -130, +53, -131, +51, -130, +3056, -2, +2, -180, +3, -180, +3, -180, +4, -179, +4, -180, +3, -180, +180, -3, +46845, -230, +3,
-806, +45974, -230, +3,
-805, +1386, -178, +52, -130, +54, -129, +53, -130, +53, -131, +54, -129, +53, -130, +53, -130, +53, -130, +1985, -2, +3, -180, +3, -180, +3, -180, +4, -179, +4, -180, +3, -180, +181, -3, +48032,
-1035, +262, -3, +4, -180, +3, -180, +3, -180, +4, -179, +4, -179, +4, -180, +180, -3, +46982, -230, +3,
-805, +3084, -178, +51, -130, +53, -131, +53, -130, +50, -130, +50, -133, +53, -130, +53, -130, +52, -130, +3395, -3, +3, -180, +3, -180, +3, -181, +3, -179, +4, -181, +2, -181, +182, -3, +51566, -231, +3,
-806, +1493, -3, +3, -179, +4, -180, +4, -178, +4, -181, +4, -180, +2, -180, +181, -2, +48035, -230, +2,
-805, +2319, -178, +51, -131, +53, -130, +52, -130, +53, -129, +53, -130, +52, -130, +54, -128, +49, -134, +1518, -2, +2, -180, +3, -179, +4, -180, +3, -180, +2, -181, +3, -180, +180, -3, +50815,
-1084, +603, -3, +4, -180, +4, -179, +4, -180, +4, -179, +4, -179, +4, -180, +180, -3, +44904, -230, +3,
-806, +2191, -179, +54, -129, +50, -132, +53, -130, +53, -131, +53, -129, +49, -134, +52, -130, +49, -134, +2174, -3, +2, -180, +3, -179, +3, -181, +3, -179, +2, -180, +4, -179, +181, -3, +47250, -230, +2,
-807, +1063, -3, +3, -179, +4, -180, +4, -180, +4, -179, +4, -180, +2, -180, +181, -3, +47437, -261, +2,
-806, +2935, -178, +53, -128, +53, -131, +50, -133, +52, -130, +51, -130, +53, -130, +52, -130, +53, -129, +3385, -2, +2, -180, +4, -178, +4, -180, +3, -180, +4, -180, +3, -180, +180, -3, +46793, -262, +3,
-807, +1462, -2, +3, -180, +5, -178, +4, -180, +4, -178, +4, -180, +4, -180, +180, -3, +44586,
-1035, +1963, -178, +52, -131, +52, -128, +53, -130, +51, -129, +53, -130, +53, -129, +53, -130, +52, -130, +2063, -3, +2, -179, +3, -180, +4, -179, +4, -179, +4, -180, +3, -180, +182, -3, +48957, -251, +3,
-807, +3, -115, +3, -179, +4, -180, +3, -180, +3, -181, +3, -181, +181, -3, +46604, -230, +3,
-807, +3301, -178, +53, -129, +52, -131, +49, -134, +51, -131, +51, -130, +53, -130, +53, -130, +53, -129, +3565, -3, +3, -181, +2, -180, +3, -180, +3, -179, +3, -180, +3, -180, +181, -2, +50766, -201, +2,
-806, +1825, -2, +4, -179, +4, -180, +4, -180, +3, -179, +3, -180, +4, -179, +181, -2, +47030,
-1095, +2999, -178, +50, -132, +53, -129, +51, -133, +51, -130, +52, -130, +52, -131, +53, -130, +52, -130, +1193, -2, +3, -180, +4, -177, +4, -180, +4, -180, +4, -180, +2, -180, +180, -3, +48769, -231, +3,
-807, +2076, -3, +3, -180, +3, -180, +3, -180, +4, -180, +4, -179, +4, -179, +182, -3, +50682, -203, +3,
-806, +3288, -177, +54, -129, +50, -133, +52, -129, +53, -131, +51, -130, +53, -131, +52, -131, +49, -133, +1139, -3, +3, -181, +2, -178, +4, -180, +2, -180, +3, -179, +3, -180, +181, -3, +45327,
-1035, +1835, -3, +3, -178, +4, -178, +4, -180, +4, -179, +4, -180, +3, -179, +181, -2, +53446, -251, +3,
-806, +1610, -179, +53, -128, +52, -131, +51, -131, +50, -132, +51, -132, +52, -130, +54, -130, +50, -133, +2865, -3, +4, -179, +4, -179, +4, -179, +2, -179, +4, -180, +3, -179, +182, -2, +46806,
-1062, +3, -38, +181, -3, +44168, -230, +2,
-805, +2033, -179, +53, -130, +51, -130, +53, -131, +50, -131, +52, -129, +53, -131, +53, -130, +53, -130, +2070, -2, +3, -180, +3, -180, +3, -181, +4, -179, +4, -180, +3, -180, +181, -3, +51283, -230, +3,
-805, +3, -121, +4, -178, +4, -180, +3, -180, +4, -181, +2, -180, +180, -3, +45335, -230, +3,
-806, +2369, -179, +53, -130, +52, -132, +52, -130, +52, -132, +52, -130, +51, -132, +52, -130, +53, -130, +3102, -3, +3, -178, +3, -180, +3, -182, +2, -180, +3, -182, +2, -179, +182, -2, +47425, -204, +3,
-806, +2054, -3, +3, -180, +4, -178, +4, -180, +4, -180, +3, -180, +4, -180, +180, -2, +48285, -233, +2,
-805, +1574, -178, +54, -129, +51, -131, +51, -130, +53, -130, +52, -130, +51, -132, +53, -132, +51, -131, +2613, -3, +3, -181, +3, -179, +3, -180, +4, -177, +4, -180, +4, -177, +181, -3, +47324,
-1064, +3, -3, +3, -171, +4, -178, +4, -179, +4, -180, +2, -180, +181, -3, +33109, -204, +3,
-806, +1595, -179, +53, -130, +51, -131, +53, -129, +52, -131, +54, -129, +52, -132, +50, -132, +51, -131, +1431, -3, +2, -180, +3, -180, +2, -180, +4, -180, +2, -180, +3, -179, +181, -3, +34024, -203, +3,
-806, +28936, -251, +3,
-805, +1162, -178, +53, -129, +52, -131, +51, -131, +51, -131, +53, -130, +52, -131, +53, -131, +50, -133, +1289, -3, +3, -179, +4, -179, +4, -180, +2, -180, +2, -180, +4, -179, +181, -3, +33082, -231, +3,
-807, +2, -180, +3, -180, +2, -180, +3, -180, +181, -3, +34272,
-1035, +1219, -178, +52, -131, +50, -131, +51, -132, +53, -130, +52, -130, +53, -130, +53, -131, +52, -132, +1131, -3, +2, -180, +3, -179, +4, -180, +4, -177, +4, -180, +4, -181, +180, -3, +31314,
-1066, +31219, -203, +2,
-805, +1179, -179, +51, -132, +50, -130, +51, -131, +53, -130, +53, -130, +53, -130, +53, -131, +51, -132, +1170, -3, +4, -180, +2, -180, +3, -180, +4, -179, +4, -180, +3, -181, +180, -3, +31339, -278, +3,
-806, +28910, -205, +3,
-805, +1603, -178, +52, -131, +53, -131, +49, -134, +52, -131, +53, -130, +51, -132, +51, -133, +51, -132, +2808, -2, +3, -180, +3, -180, +3, -180, +4, -179, +4, -180, +3, -180, +181, -3, +34196, -202, +3,
-806, +28872, -232, +3,
-805, +1601, -179, +53, -130, +52, -131, +53, -131, +53, -131, +53, -130, +52, -130, +53, -130, +53, -130, +2788, -3, +3, -180, +4, -179, +3, -180, +3, -180, +4, -181, +2, -179, +182, -2, +31340, -203, +3,
-805, +29912,
-1033, +1203, -179, +51, -132, +53, -130, +52, -131, +53, -131, +52, -131, +54, -129, +52, -131, +54, -129, +1176, -2, +3, -180, +4, -179, +4, -180, +4, -178, +4, -180, +2, -181, +181, -3, +31413, -203, +3,
-806, +30744, -203, +2,
-805, +1321, -178, +52, -131, +53, -130, +53, -130, +51, -132, +53, -129, +52, -132, +51, -132, +51, -132, +1088, -3, +3, -180, +3, -181, +4, -180, +3, -180, +2, -180, +4, -179, +181, -3, +30973,
-1035, +31671, -201, +2,
-805, +1197, -179, +53, -129, +52, -131, +52, -130, +52, -130, +53, -130, +52, -130, +53, -131, +53, -131, +1251, -3, +3, -180, +4, -179, +4, -180, +2, -180, +2, -180, +4, -179, +181, -3, +33667, -230, +3,
-806, +28418, -232, +3,
-805, +1247, -176, +55, -127, +53, -131, +53, -130, +52, -130, +51, -132, +49, -134, +53, -130, +53, -130, +1187, -2, +2, -180, +4, -179, +4, -181, +3, -181, +3, -181, +3, -179, +181, -3, +30392, -201, +3,
-807, +30445,
-1035, +1179, -177, +52, -131, +53, -130, +52, -131, +54, -129, +53, -131, +54, -129, +52, -131, +53, -132, +1391, -3, +3, -180, +4, -179, +4, -180, +4, -181, +3, -180, +4, -180, +181, -3, +31468,
-1109, +29745,
-1062, +1331, -177, +53, -130, +52, -131, +53, -130, +53, -130, +52, -131, +53, -130, +53, -130, +52, -130, +1093, -3, +3, -179, +4, -180, +4, -179, +4, -180, +4, -179, +4, -180, +182, -3, +32778,
-1062, +266, -3, +4, -180, +3, -180, +2, -180, +4, -178, +4, -180, +3, -181, +180, -3, +31852, -201, +2,
-805, +1206, -178, +51, -130, +53, -130, +52, -130, +53, -129, +53, -130, +53, -130, +53, -130, +52, -130, +1102, -3, +3, -180, +3, -180, +3, -180, +4, -177, +4, -180, +3, -180, +181, -2, +31363, -201, +3,
-807, +33283, -246, +3,
-805, +1266, -179, +52, -130, +51, -131, +53, -131, +52, -130, +52, -131, +52, -131, +53, -130, +53, -130, +1166, -3, +4, -181, +2, -179, +4, -180, +4, -179, +4, -180, +3, -180, +180, -3, +30293, -229, +3,
-807, +30392,
-1036, +1279, -177, +52, -131, +55, -129, +53, -130, +53, -130, +53, -130, +52, -131, +53, -130, +53, -130, +1536, -3, +3, -181, +4, -179, +4, -181, +4, -179, +4, -180, +4, -179, +181, -3, +31878, -230, +2,
-807, +31609,
-1063, +1369, -179, +52, -131, +54, -129, +53, -130, +51, -131, +53, -130, +53, -130, +51, -132, +52, -130, +1698, -3, +2, -180, +4, -179, +4, -180, +4, -180, +3, -180, +4, -181, +181, -3, +31378, -203, +3,
-806, +29314, -201, +3,
-805, +1603, -179, +54, -129, +50, -132, +51, -131, +53, -130, +53, -130, +53, -130, +53, -130, +53, -130, +3555, -3, +3, -180, +4, -179, +4, -180, +3, -180, +3, -182, +2, -179, +182, -3, +30588,
-1035, +3, -97, +181, -2, +31326, -201, +3,
-805, +1586, -178, +52, -129, +54, -130, +52, -130, +53, -130, +53, -129, +53, -130, +51, -130, +53, -130, +1208, -3, +3, -181, +2, -181, +4, -180, +3, -179, +4, -180, +4, -179, +181, -3, +30919, -231, +3,
-807, +32329,
-1035, +1236, -179, +50, -133, +53, -130, +53, -130, +53, -130, +52, -131, +53, -130, +52, -131, +53, -131, +1183, -3, +3, -180, +4, -181, +3, -181, +4, -180, +2, -180, +4, -180, +182, -3, +33745, -230, +2,
-807, +31226, -230, +3,
-805, +1489, -179, +53, -130, +52, -130, +52, -130, +53, -130, +53, -130, +52, -131, +52, -130, +53, -130, +2897, -2, +4, -180, +3, -181, +3, -180, +4, -179, +4, -180, +3, -180, +181, -3, +30255,
-1062, +26, -3, +32000,
-1062, +1474, -178, +53, -131, +53, -129, +54, -130, +50, -132, +52, -131, +50, -133, +53, -130, +52, -131, +1162, -3, +3, -178, +4, -180, +4, -179, +4, -180, +4, -180, +3, -181, +181, -3, +30864, -201, +2,
-807, +31275,
-1035, +1263, -178, +53, -130, +51, -131, +50, -134, +51, -130, +51, -132, +52, -130, +55, -130, +52, -132, +1175, -2, +3, -180, +2, -180, +4, -180, +3, -180, +4, -181, +3, -180, +182, -3, +32659, -230, +2,
-807, +31387,
-1035, +1276, -178, +52, -131, +54, -129, +53, -130, +53, -130, +52, -131, +52, -131, +51, -132, +53, -130, +1544, -2, +3, -180, +2, -180, +4, -180, +4, -179, +4, -180, +4, -179, +182, -3, +31869, -230, +3,
-806, +29920, -202, +3,
-805, +1846, -178, +53, -129, +53, -130, +51, -131, +53, -130, +50, -133, +53, -130, +53, -130, +52, -131, +1251, -2, +2, -180, +3, -180, +2, -182, +3, -179, +4, -180, +2, -180, +182, -3, +29648, -202, +3,
-805, +2, -155, +3, -180, +4, -181, +3, -179, +2, -181, +3, -179, +181, -3, +32082, -230, +3,
-805, +1612, -178, +52, -131, +52, -130, +53, -130, +53, -130, +54, -129, +51, -132, +53, -129, +53, -130, +2857, -3, +3, -180, +4, -179, +4, -180, +3, -179, +3, -182, +2, -178, +181, -3, +30391, -201, +3,
-807, +31202, -231, +3,
-805, +1431, -179, +53, -130, +53, -130, +53, -129, +52, -131, +52, -131, +53, -130, +53, -130, +53, -130, +1369, -3, +3, -180, +3, -180, +3, -181, +4, -179, +4, -180, +3, -180, +181, -3, +32555, -202, +3,
-806, +28422,
-1036, +1229, -178, +53, -130, +53, -130, +52, -131, +50, -132, +53, -130, +52, -131, +51, -132, +53, -130, +1446, -2, +3, -180, +3, -180, +4, -181, +3, -180, +4, -180, +3, -180, +182, -3, +28696,
-1034, +3, -15, +182, -2, +28918, -230, +3,
-805, +1262, -179, +54, -129, +53, -132, +53, -130, +51, -130, +52, -129, +54, -130, +53, -129, +53, -130, +1557, -3, +2, -180, +3, -180, +2, -180, +4, -179, +4, -180, +2, -180, +182, -3, +29030, -203, +2,
-805, +29083, -201, +3,
-805, +1531, -179, +53, -130, +51, -130, +51, -132, +53, -130, +53, -130, +53, -130, +53, -130, +51, -132, +1187, -3, +3, -180, +3, -181, +3, -181, +4, -179, +4, -180, +3, -179, +181, -3, +28911, -229, +3,
-806, +30267,
-1063, +1664, -179, +52, -130, +52, -131, +53, -130, +54, -129, +53, -130, +54, -129, +50, -133, +53, -130, +2782, -3, +3, -179, +4, -181, +4, -179, +4, -180, +4, -179, +4, -180, +182, -2, +30362, -233, +2,
-805, +29342,
-1036, +1284, -179, +53, -130, +53, -130, +52, -131, +52, -132, +52, -131, +52, -130, +53, -132, +53, -131, +1119, -3, +3, -180, +4, -179, +4, -180, +4, -180, +3, -180, +4, -181, +181, -3, +28439, -232, +3,
-806, +3, -3, +2, -179, +2, -179, +3, -181, +181, -3, +28926,
-1064, +1225, -179, +52, -131, +51, -130, +53, -131, +51, -130, +52, -131, +53, -130, +54, -128, +52, -130, +1143, -3, +3, -179, +4, -180, +4, -180, +3, -179, +4, -180, +4, -178, +181, -3, +29958, -204, +3,
-808, +2, -154, +2, -180, +3, -182, +179, -3, +30369,
-1064, +1246, -177, +50, -134, +53, -128, +54, -130, +51, -130, +52, -131, +53, -130, +52, -130, +51, -131, +1128, -2, +3, -180, +2, -179, +4, -180, +4, -179, +4, -180, +2, -181, +181, -3, +28467, -202, +3,
-806, +29340, -203, +2,
-805, +1569, -179, +51, -130, +52, -130, +54, -131, +52, -130, +54, -129, +53, -130, +53, -130, +53, -130, +2767, -3, +3, -180, +3, -180, +2, -180, +4, -179, +4, -181, +2, -181, +180, -2, +29389, -229, +3,
-806, +28907,
-1062, +1358, -179, +52, -131, +50, -133, +52, -131, +53, -130, +53, -130, +53, -130, +53, -130, +53, -131, +1464, -3, +3, -180, +3, -181, +4, -180, +3, -180, +4, -180, +3, -180, +181, -2, +29829,
-1062, +28881, -202, +5,
-804, +1557, -179, +53, -129, +55, -128, +53, -130, +53, -130, +52, -131, +53, -130, +53, -130, +52, -131, +1250, -3, +3, -180, +2, -180, +3, -179, +3, -180, +3, -180, +4, -178, +183, -2, +29040,
-1036, +623, -3, +3, -180, +4, -179, +3, -180, +3, -180, +2, -180, +4, -179, +181, -3, +29916,
-1063, +1657, -177, +53, -129, +54, -129, +52, -130, +54, -129, +51, -131, +52, -128, +50, -133, +52, -132, +2747, -3, +3, -179, +2, -180, +4, -179, +4, -180, +2, -181, +3, -180, +181, -3, +29965,
-1035, +187, -2, +4, -178, +3, -180, +4, -180, +3, -178, +3, -180, +4, -180, +182, -3, +29386,
-1063, +1158, -178, +53, -130, +53, -130, +52, -129, +54, -128, +51, -130, +54, -129, +53, -131, +52, -130, +1876, -2, +3, -178, +4, -180, +4, -179, +3, -180, +4, -180, +4, -180, +181, -2, +29008, -230, +2,
-807, +28066,
-1035, +1581, -177, +52, -131, +54, -129, +53, -130, +54, -129, +53, -130, +52, -131, +53, -130, +53, -130, +2767, -2, +3, -180, +2, -180, +4, -180, +3, -180, +4, -181, +3, -180, +182, -3, +29385, -230, +3,
-806, +27426, -203, +2,
-805, +1455, -179, +54, -129, +51, -132, +54, -129, +53, -130, +54, -129, +53, -130, +53, -130, +53, -130, +2879, -3, +3, -180, +4, -179, +4, -180, +3, -180, +3, -180, +4, -179, +181, -3, +29916, -201, +3,
-806, +27970, -203, +3,
-805, +1213, -179, +51, -129, +53, -131, +51, -132, +52, -129, +50, -133, +53, -131, +52, -132, +53, -130, +1179, -2, +3, -180, +3, -180, +3, -181, +4, -178, +4, -180, +3, -180, +181, -3, +29909, -201, +3,
-807, +29421,
-1035, +1311, -179, +53, -130, +53, -129, +53, -131, +53, -131, +51, -132, +53, -129, +53, -130, +54, -131, +1090, -2, +3, -179, +4, -181, +4, -179, +4, -180, +4, -179, +4, -180, +182, -2, +28967, -202, +3,
-806, +30297, -203, +3,
-805, +1261, -179, +54, -129, +52, -132, +54, -128, +52, -130, +52, -131, +53, -130, +50, -132, +52, -131, +1129, -3, +3, -180, +3, -180, +2, -180, +4, -179, +4, -181, +3, -181, +182, -3, +29397, -231, +3,
-806, +28421, -231, +2,
