# MZ-NHF800  Minidisc Recorder remote control dump when pressing "stop" key from a sleep state with 470k pulldown between data and ground
-40895, +932, -180, +33, -179, +34, -179, +33, -180, +33, -179, +33, -180, +33, -179, +33, -181, +34, -180, +243, -2, +6, -209, +5, -208, +5, -208, +6, -207, +5, -208, +5, -208, +210, -3, +33882,
-1024, +3, -156, +7, -207, +6, -207, +5, -208, +5, -209, +549, -3, +5, -208, +5, -209, +6, -209, +5, -208, +6, -208, +4, -208, +6, -207, +90, -208, +5, -208, +6, -207, +5, -208, +5, -207, +6, -208, +5, -209, +4, -208, +193, -206, +5, -208, +6, -207, +5, -210, +4, -208, +6, -208, +5, -208, +6, -209, +90, -208, +5, -208, +7, -206, +5, -209, +6, -208, +5, -207, +5, -208, +5, -209, +90, -208, +5, -208, +4, -208, +5, -207, +7, -208, +5, -208, +4, -208, +6, -208, +90, -209, +5, -208, +7, -208, +5, -208, +7, -208, +5, -208, +7, -208, +5, -209, +73, -208, +5, -207, +6, -207, +5, -209, +5, -208, +5, -208, +6, -207, +5, -208, +108, -208, +4, -209, +5, -207, +5, -208, +5, -209, +5, -208, +6, -209, +5, -207, +90, -208, +6, -209, +5, -209, +6, -207, +5, -209, +6, -207, +6, -208, +5, -209, +90, -208, +5, -208, +5, -208, +6, -209, +5, -207, +5, -209, +5, -208, +5, -209, +11527,
-1030, +14545,
-1026, +940, -179, +33, -179, +32, -182, +32, -180, +34, -180, +31, -181, +34, -180, +34, -179, +34, -180, +278, -2, +6, -209, +5, -208, +7, -207, +5, -209, +5, -208, +7, -208, +210, -2, +33808,
-1031, +33001,
-1020, +940, -180, +33, -177, +32, -180, +33, -180, +32, -180, +32, -182, +32, -178, +34, -180, +32, -181, +261, -4, +7, -207, +5, -209, +6, -207, +6, -208, +6, -208, +5, -208, +210, -4, +33830,
-1027, +33013,
-1032, +940, -179, +35, -178, +33, -181, +34, -179, +34, -180, +34, -179, +34, -180, +34, -179, +34, -180, +262, -3, +7, -207, +6, -208, +5, -209, +5, -208, +5, -209, +5, -208, +208, -4, +33817,
-1021, +33015,
-1027, +940, -179, +35, -178, +32, -180, +34, -180, +32, -180, +33, -181, +32, -181, +34, -180, +30, -184, +260, -4, +7, -207, +6, -208, +6, -207, +6, -208, +6, -208, +5, -208, +210, -4, +33824,
-1031, +32997,
-1020, +941, -179, +33, -179, +34, -180, +33, -180, +32, -180, +34, -180, +32, -180, +32, -181, +34, -178, +261, -4, +6, -208, +6, -209, +5, -208, +7, -207, +5, -208, +7, -207, +210, -3, +33830,
-1026, +33010,
-1031, +940, -180, +33, -179, +31, -183, +32, -180, +31, -183, +33, -179, +34, -180, +33, -180, +33, -179, +261, -3, +8, -208, +6, -209, +5, -208, +5, -209, +5, -208, +7, -208, +209, -3, +33819,
-1020, +33012,
-1026, +938, -180, +34, -180, +31, -183, +32, -180, +34, -180, +34, -179, +33, -181, +32, -181, +32, -181, +261, -3, +6, -208, +7, -208, +5, -209, +6, -208, +6, -208, +5, -209, +210, -3, +33824,
-1031, +33005,
-1021, +940, -179, +35, -178, +31, -183, +32, -180, +34, -180, +34, -179, +34, -180, +34, -179, +34, -180, +260, -4, +7, -207, +6, -208, +5, -207, +6, -208, +5, -209, +5, -208, +210, -4, +33829,
-1026, +33007,
-1033, +940, -179, +36, -178, +33, -181, +33, -179, +34, -180, +34, -179, +33, -180, +34, -179, +33, -180, +261, -2, +6, -208, +7, -207, +5, -209, +6, -208, +6, -208, +6, -209, +210, -3, +33819,
-1020, +33018,
-1027, +940, -179, +35, -178, +32, -181, +34, -180, +34, -180, +34, -179, +34, -180, +33, -179, +33, -180, +260, -4, +7, -208, +6, -208, +5, -209, +5, -208, +6, -209, +5, -208, +210, -4, +33824,
-1032, +33004,
-1020, +940, -178, +35, -178, +32, -180, +34, -180, +32, -180, +32, -181, +34, -179, +34, -180, +33, -181, +260, -4, +7, -207, +6, -208, +6, -207, +7, -208, +5, -209, +5, -208, +210, -4, +33829,
-1027, +33004,
-1032, +940, -180, +33, -179, +34, -180, +33, -180, +32, -180, +33, -180, +32, -180, +33, -180, +31, -182, +295, -3, +7, -207, +6, -208, +5, -209, +5, -208, +7, -208, +5, -209, +209, -3, +33783,
-1021, +33015,
-1026, +940, -179, +34, -179, +33, -181, +33, -179, +33, -180, +33, -179, +33, -180, +34, -179, +33, -181, +261, -3, +6, -209, +6, -207, +5, -209, +6, -207, +6, -208, +6, -209, +210, -2, +33819,
-1020, +33076,
-1030, +940, -179, +34, -180, +34, -180, +31, -181, +34, -180, +34, -179, +34, -180, +33, -178, +34, -180, +346, -3, +7, -209, +5, -208, +7, -208, +5, -209, +5, -207, +6, -208, +210, -3, +33677,
-1026, +33011,
-1031, +939, -180, +34, -179, +34, -180, +33, -180, +32, -180, +34, -179, +33, -180, +34, -180, +32, -180, +294, -4, +7, -208, +6, -208, +6, -207, +6, -208, +6, -209, +5, -209, +209, -4, +33784,
-1022, +3, -2, +3, -198, +5, -208, +8, -206, +5, -209, +5, -209, +567, -3, +6, -209, +4, -208, +6, -206, +6, -208, +5, -209, +2, -208, +7, -206, +90, -209, +4, -209, +5, -209, +4, -207, +5, -208, +4, -208, +5, -207, +4, -207, +175, -207, +6, -209, +5, -208, +6, -209, +5, -207, +5, -208, +5, -208, +5, -208, +88, -208, +7, -206, +5, -209, +5, -209, +5, -207, +6, -208, +6, -209, +5, -207, +91, -207, +4, -208, +5, -207, +5, -207, +5, -208, +6, -207, +5, -209, +5, -208, +91, -207, +5, -209, +6, -209, +5, -208, +7, -207, +5, -208, +7, -207, +5, -209, +90, -208, +5, -207, +5, -207, +5, -209, +5, -208, +5, -208, +6, -207, +5, -208, +125, -208, +5, -208, +6, -209, +4, -209, +5, -207, +6, -207, +5, -209, +5, -208, +158, -208, +5, -208, +5, -208, +5, -209, +6, -208, +6, -209, +5, -208, +5, -207, +90, -209, +5, -209, +6, -207, +5, -209, +6, -208, +7, -207, +5, -209, +5, -207, +11449,
-1025, +13773,
-1020, +940, -179, +33, -179, +33, -180, +34, -179, +33, -181, +32, -179, +33, -181, +34, -179, +34, -180, +295, -4, +6, -208, +5, -209, +5, -208, +4, -209, +6, -207, +5, -209, +210, -3, +33796,
-1027, +33009,
-1031, +940, -179, +35, -178, +34, -180, +34, -179, +34, -180, +34, -179, +34, -180, +33, -180, +32, -180, +261, -3, +7, -209, +5, -208, +6, -208, +5, -209, +5, -208, +6, -208, +209, -3, +33817,
-1021, +33010,
-1026, +940, -180, +32, -180, +34, -180, +34, -181, +31, -181, +35, -178, +33, -180, +33, -180, +32, -180, +261, -4, +6, -208, +6, -209, +5, -208, +7, -207, +5, -208, +7, -207, +210, -3, +33826,
-1030, +33005,
-1020, +939, -180, +34, -179, +32, -182, +32, -181, +33, -180, +34, -179, +34, -180, +32, -182, +32, -180, +278, -4, +7, -208, +5, -209, +6, -207, +6, -208, +6, -207, +6, -208, +210, -3, +33814,
-1025, +33006,
-1031, +940, -180, +32, -180, +33, -180, +32, -181, +32, -180, +33, -179, +33, -181, +34, -181, +31, -181, +329, -3, +6, -209, +5, -209, +6, -208, +7, -208, +6, -208, +7, -208, +210, -2, +33751,
-1020, +33018,
-1025, +938, -180, +34, -179, +34, -180, +33, -179, +33, -180, +34, -179, +33, -180, +34, -179, +33, -180, +261, -2, +6, -209, +6, -207, +6, -208, +5, -209, +5, -208, +7, -207, +210, -2, +33823,
-1031, +33003,
-1020, +940, -179, +36, -178, +34, -179, +33, -181, +33, -179, +34, -180, +33, -179, +32, -181, +32, -182, +261, -2, +6, -208, +7, -207, +5, -208, +7, -207, +5, -209, +5, -209, +208, -4, +33829,
-1026, +33013,
-1031, +939, -181, +34, -179, +32, -181, +34, -180, +33, -180, +34, -180, +33, -179, +34, -181, +32, -180, +261, -4, +6, -208, +6, -208, +5, -208, +6, -208, +5, -209, +5, -208, +210, -4, +33818,
-1020, +33015,
-1026, +939, -182, +35, -177, +33, -180, +34, -180, +32, -181, +33, -179, +34, -180, +34, -180, +33, -180, +261, -3, +8, -207, +5, -209, +6, -207, +6, -208, +6, -207, +5, -208, +210, -2, +33825,
-1033, +33000,
-1020, +940, -180, +33, -179, +34, -180, +33, -180, +32, -180, +32, -180, +29, -184, +34, -180, +33, -179, +261, -2, +8, -207, +5, -209, +5, -208, +6, -208, +5, -208, +7, -207, +210, -3, +33831,
-1025, +33010,
-1031, +941, -179, +35, -177, +33, -181, +33, -181, +34, -179, +32, -180, +34, -180, +33, -181, +33, -179, +261, -3, +8, -208, +5, -209, +5, -208, +5, -209, +5, -208, +6, -208, +209, -3, +33820,
-1021, +33014,
-1025, +941, -178, +33, -178, +34, -180, +33, -179, +32, -181, +33, -179, +33, -180, +31, -183, +32, -181, +261, -4, +7, -208, +6, -209, +5, -208, +6, -207, +5, -208, +7, -207, +210, -2, +33823,
-1033, +33006,
-1020, +939, -179, +35, -179, +31, -183, +33, -178, +34, -180, +34, -179, +33, -180, +33, -179, +32, -182, +261, -2, +6, -209, +6, -207, +5, -209, +6, -208, +5, -208, +5, -209, +210, -3, +33833,
-1022, +33009,
-1031, +938, -180, +34, -178, +33, -180, +32, -182, +32, -180, +33, -181, +33, -180, +32, -180, +32, -182, +260, -4, +6, -208, +7, -207, +5, -208, +7, -207, +5, -209, +6, -208, +209, -4, +33818,
-1020, +33019,
-1025, +942, -179, +34, -179, +34, -180, +32, -181, +32, -180, +34, -179, +32, -181, +33, -179, +32, -180, +261, -3, +6, -209, +6, -209, +5, -208, +7, -207, +5, -208, +7, -207, +209, -3, +33825,
-1031, +33004,
-1020, +940, -180, +33, -179, +33, -181, +34, -180, +34, -179, +33, -179, +34, -180, +34, -180, +29, -184, +108, -208, +5, -208, +7, -207, +5, -209, +6, -207, +6, -208, +6, -208, +209, -3, +330, -4, +7, -207, +5, -209, +5, -208, +5, -209, +5, -208, +6, -208, +5, -209, +277, -3, +6, -208, +5, -209, +5, -208, +6, -209, +5, -209, +5, -207, +5, -209, +295, -206, +6, -208, +5, -209, +5, -208, +7, -207, +5, -208, +7, -207, +5, -209, +90, -208, +5, -207, +4, -207, +5, -209, +5, -208, +5, -209, +6, -207, +5, -209, +90, -208, +5, -208, +7, -207, +6, -208, +6, -207, +6, -208, +6, -208, +5, -208, +92, -208, +4, -209, +5, -207, +5, -208, +5, -209, +6, -208, +6, -209, +5, -207, +90, -208, +6, -209, +5, -209, +6, -207, +5, -209, +6, -207, +6, -208, +5, -208, +534, -207, +5, -208, +7, -207, +5, -209, +6, -207, +7, -208, +6, -208, +7, -208, +90, -207, +6, -207, +5, -209, +5, -208, +5, -208, +6, -208, +5, -209, +4, -209, +243, -206, +5, -209, +5, -208, +5, -209, +6, -207, +5, -208, +5, -208, +6, -209, +90, -208, +7, -207, +5, -209, +6, -207, +5, -208, +6, -208, +5, -208, +6, -209, +11074,
-1025, +2, -147, +34, -180, +261, -3, +7, -210, +4, -207, +5, -207, +6, -206, +5, -208, +6, -207, +209, -2, +33828,
-1026, +810, -180, +34, -178, +34, -180, +34, -180, +32, -180, +33, -180, +32, -180, +33, -179, +33, -179, +261, -3, +7, -207, +5, -207, +5, -208, +6, -209, +6, -207, +5, -208, +210, -3, +33824,
-1033, +33001,
-1020, +939, -180, +33, -178, +34, -180, +33, -180, +32, -180, +34, -179, +33, -180, +33, -180, +32, -180, +261, -4, +6, -208, +6, -209, +5, -208, +7, -207, +5, -208, +7, -207, +210, -3, +33831,
-1025, +33014,
-1032, +940, -179, +33, -180, +32, -181, +32, -180, +33, -181, +33, -179, +34, -180, +33, -180, +34, -180, +260, -4, +7, -207, +7, -208, +5, -209, +5, -208, +5, -209, +6, -209, +209, -4, +33818,
-1020, +33014,
-1026, +939, -179, +36, -178, +33, -180, +33, -181, +32, -180, +34, -180, +33, -179, +35, -179, +33, -179, +261, -3, +6, -208, +6, -208, +5, -208, +7, -207, +5, -209, +6, -207, +209, -4, +33824,
-1031, +33000,
-1019, +941, -179, +34, -178, +33, -181, +34, -180, +34, -179, +35, -178, +35, -179, +33, -180, +32, -180, +262, -4, +6, -208, +5, -209, +5, -208, +6, -208, +5, -208, +6, -208, +209, -3, +33830,
-1026, +33010,
-1032, +938, -180, +35, -179, +34, -180, +32, -180, +34, -180, +31, -182, +34, -180, +33, -179, +33, -180, +261, -3, +6, -208, +7, -207, +5, -209, +4, -208, +6, -208, +5, -209, +208, -4, +33818,
-1020, +33012,
-1026, +940, -179, +34, -178, +32, -180, +34, -180, +32, -181, +35, -179, +34, -180, +32, -180, +33, -181, +261, -3, +7, -207, +6, -208, +5, -207, +6, -208, +6, -209, +5, -208, +210, -4, +33824,
-1031, +33004,
-1023, +937, -181, +32, -181, +32, -179, +33, -180, +32, -180, +33, -180, +32, -181, +32, -180, +32, -182, +260, -3, +6, -208, +7, -207, +5, -209, +6, -207, +5, -209, +6, -209, +208, -4, +33830,
-1027, +33009,
-1032, +940, -179, +36, -177, +33, -180, +34, -179, +34, -180, +32, -181, +34, -180, +33, -179, +34, -180, +261, -3, +7, -207, +6, -207, +6, -208, +5, -208, +7, -207, +5, -209, +210, -3, +33820,
-1020, +33018,
-1026, +940, -179, +35, -179, +33, -180, +32, -180, +31, -182, +33, -179, +33, -181, +31, -181, +31, -182, +261, -2, +6, -209, +6, -207, +6, -208, +5, -209, +5, -208, +5, -209, +209, -3, +33823,
-1032, +33003,
-1020, +938, -180, +35, -179, +34, -179, +33, -180, +32, -180, +34, -180, +33, -179, +33, -180, +34, -178, +261, -4, +6, -208, +6, -209, +5, -208, +7, -207, +5, -208, +7, -207, +209, -4, +33829,
-1026, +33006,
-1031, +940, -179, +32, -180, +33, -181, +32, -181, +33, -180, +32, -179, +32, -181, +33, -179, +32, -182, +261, -2, +6, -209, +6, -207, +6, -208, +6, -208, +5, -208, +7, -207, +210, -3, +33818,
-1021, +33016,
-1026, +940, -179, +35, -178, +33, -181, +33, -180, +34, -180, +34, -180, +33, -180, +33, -178, +34, -180, +261, -2, +5, -209, +5, -208, +5, -209, +5, -208, +6, -208, +5, -209, +209, -3, +33823,
-1033, +33002,
-1020, +940, -178, +34, -177, +33, -180, +34, -179, +32, -182, +33, -179, +34, -180, +34, -179, +34, -180, +261, -3, +7, -207, +6, -208, +6, -208, +5, -208, +6, -209, +5, -209, +210, -3, +33830,
-1027, +33012,
-1032, +940, -180, +32, -180, +34, -180, +34, -179, +34, -180, +34, -179, +33, -181, +32, -182, +32, -180, +261, -3, +7, -209, +5, -209, +5, -208, +5, -209, +5, -207, +6, -208, +210, -3, +33817,
-1022, +3, -41, +5, -208, +6, -207, +6, -207, +5, -209, +4, -208, +364, -2, +5, -208, +6, -209, +5, -209, +5, -207, +5, -208, +5, -208, +4, -207, +73, -208, +6, -208, +5, -208, +4, -208, +7, -206, +5, -209, +5, -209, +4, -208, +75, -206, +5, -209, +6, -207, +6, -208, +5, -207, +6, -209, +5, -209, +5, -207, +90, -207, +6, -207, +6, -208, +6, -208, +4, -208, +5, -208, +6, -207, +7, -207, +90, -208, +5, -206, +5, -208, +5, -208, +5, -208, +2, -208, +5, -207, +5, -207, +295, -206, +5, -208, +6, -208, +6, -209, +5, -207, +5, -207, +4, -208, +5, -209, +91, -207, +5, -209, +5, -208, +7, -208, +5, -208, +7, -208, +5, -207, +5, -207, +91, -208, +4, -209, +6, -208, +5, -208, +5, -209, +6, -208, +6, -209, +5, -208, +90, -208, +5, -209, +6, -207, +7, -208, +6, -209, +5, -208, +6, -208, +5, -208, +92, -206, +5, -209, +4, -208, +5, -209, +5, -208, +5, -209, +4, -209, +6, -208, +11617,
-1026, +13858,
-1020, +940, -180, +34, -178, +34, -180, +34, -179, +34, -180, +34, -179, +34, -180, +33, -180, +32, -180, +261, -3, +7, -209, +5, -209, +5, -208, +5, -208, +5, -208, +6, -208, +209, -3, +33831,
-1025, +33009,
-1031, +941, -178, +34, -178, +35, -179, +33, -180, +32, -180, +33, -180, +31, -181, +33, -180, +34, -179, +261, -4, +6, -208, +6, -209, +5, -208, +7, -207, +5, -209, +6, -207, +210, -3, +33816,
-1024, +33073,
-1032, +940, -180, +33, -179, +34, -180, +34, -179, +34, -180, +33, -180, +33, -180, +33, -180, +32, -180, +261, -3, +7, -208, +5, -209, +5, -208, +5, -209, +5, -208, +6, -208, +209, -3, +33787,
-1017, +33059,
-1017, +938, -180, +35, -179, +33, -181, +33, -180, +34, -180, +34, -179, +34, -180, +33, -179, +34, -180, +261, -3, +6, -208, +6, -208, +5, -209, +5, -208, +6, -208, +4, -209, +209, -3, +33762,
-1025, +33007,
-1031, +937, -183, +34, -177, +34, -180, +34, -180, +33, -180, +34, -180, +29, -183, +33, -181, +33, -179, +261, -4, +6, -208, +5, -209, +5, -208, +6, -208, +5, -208, +6, -208, +208, -4, +33818,
-1020, +33018,
-1026, +941, -178, +34, -178, +34, -180, +34, -179, +32, -182, +34, -179, +34, -180, +32, -181, +34, -180, +261, -3, +7, -209, +5, -208, +5, -209, +5, -209, +5, -208, +5, -209, +209, -3, +33825,
-1031, +33003,
-1020, +939, -180, +32, -179, +33, -181, +32, -180, +33, -180, +34, -177, +34, -180, +34, -179, +34, -180, +261, -3, +7, -207, +6, -208, +6, -209, +5, -209, +6, -207, +5, -209, +210, -3, +33831,
-1025, +33014,
-1032, +941, -179, +32, -180, +33, -180, +34, -180, +32, -181, +33, -180, +32, -181, +34, -180, +33, -180, +261, -4, +7, -207, +5, -209, +5, -207, +6, -208, +5, -206, +6, -208, +210, -3, +33820,
-1020, +33017,
-1025, +940, -180, +33, -179, +33, -181, +33, -180, +31, -181, +34, -179, +33, -180, +33, -180, +34, -179, +261, -2, +6, -209, +6, -209, +5, -208, +6, -209, +5, -208, +7, -207, +210, -3, +33824,
-1031, +33000,
-1020, +939, -181, +34, -178, +34, -180, +34, -180, +33, -180, +34, -179, +34, -180, +33, -180, +33, -179, +262, -3, +7, -209, +5, -209, +5, -208, +5, -209, +5, -208, +7, -208, +209, -3, +33830,
-1025, +33012,
-1031, +939, -179, +34, -180, +33, -180, +33, -181, +32, -179, +35, -179, +33, -179, +33, -180, +32, -179, +261, -4, +6, -208, +6, -208, +5, -208, +7, -207, +5, -208, +7, -207, +209, -4, +33818,
-1020, +33014,
-1025, +940, -180, +34, -178, +34, -180, +31, -182, +33, -180, +35, -178, +33, -180, +34, -179, +33, -180, +261, -2, +6, -209, +6, -207, +6, -208, +5, -209, +5, -208, +7, -207, +210, -3, +33860,
-1030, +32973,
-1020, +940, -180, +34, -178, +33, -181, +33, -180, +32, -182, +34, -178, +34, -180, +33, -179, +34, -180, +261, -3, +7, -209, +5, -208, +6, -209, +5, -209, +5, -207, +5, -209, +209, -3, +33826,
-1029, +33067,
-1025, +940, -180, +32, -179, +34, -180, +33, -179, +32, -181, +31, -181, +33, -180, +33, -180, +32, -180, +261, -2, +6, -209, +6, -209, +5, -208, +6, -208, +5, -208, +7, -207, +210, -2, +33768,
-1020, +33012,
-1025, +940, -180, +33, -179, +33, -180, +33, -180, +32, -180, +33, -180, +32, -181, +34, -180, +34, -179, +261, -4, +7, -207, +6, -208, +5, -208, +7, -208, +5, -208, +7, -207, +210, -2, +33826,
-1032, +33004,
-1020, +940, -180, +33, -179, +33, -180, +32, -181, +32, -180, +34, -178, +32, -182, +34, -180, +32, -181, +108, -207, +5, -208, +5, -209, +5, -209, +6, -208, +6, -209, +5, -208, +210, -4, +296, -3, +7, -207, +5, -209, +6, -208, +5, -208, +6, -209, +5, -208, +7, -207, +294, -3, +6, -209, +5, -208, +5, -209, +5, -207, +6, -208, +5, -209, +5, -208, +551, -206, +6, -208, +5, -209, +5, -208, +5, -209, +4, -207, +6, -208, +5, -209, +73, -208, +5, -208, +5, -207, +5, -209, +5, -208, +5, -209, +5, -207, +5, -208, +243, -208, +5, -208, +5, -209, +6, -207, +5, -209, +5, -208, +5, -208, +5, -207, +73, -209, +5, -208, +6, -208, +5, -208, +6, -208, +5, -209, +5, -208, +6, -208, +90, -208, +6, -209, +5, -207, +5, -208, +5, -208, +7, -208, +5, -207, +5, -209, +90, -207, +6, -208, +6, -207, +6, -208, +6, -208, +5, -208, +7, -207, +5, -209, +91, -208, +5, -208, +6, -209, +4, -208, +6, -207, +6, -208, +5, -209, +5, -208, +346, -206, +5, -209, +5, -208, +6, -209, +4, -209, +5, -207, +6, -208, +6, -209, +192, -208, +5, -208, +5, -209, +6, -207, +5, -209, +5, -208, +5, -208, +5, -208, +10953,
-1027, +2, -62, +34, -180, +261, -2, +6, -210, +4, -208, +5, -206, +6, -208, +6, -208, +5, -209, +209, -3, +33830,
-1025, +812, -178, +33, -179, +34, -180, +33, -180, +32, -180, +35, -178, +34, -179, +34, -180, +31, -180, +261, -2, +6, -208, +5, -208, +5, -208, +5, -209, +6, -207, +5, -208, +210, -3, +33824,
-1031, +33002,
-1020, +940, -180, +35, -177, +33, -181, +34, -180, +33, -180, +34, -179, +35, -179, +33, -180, +32, -180, +261, -4, +7, -208, +5, -209, +5, -208, +5, -209, +5, -207, +6, -208, +209, -3, +33830,
-1025, +33012,
-1032, +940, -179, +34, -180, +33, -181, +33, -180, +32, -182, +34, -179, +34, -180, +33, -179, +34, -180, +261, -3, +6, -208, +6, -208, +5, -209, +5, -208, +5, -209, +5, -209, +209, -3, +33818,
-1020, +33015,
-1026, +940, -179, +32, -179, +32, -181, +34, -179, +32, -181, +35, -179, +34, -179, +34, -180, +34, -180, +260, -4, +7, -208, +6, -208, +6, -207, +6, -208, +6, -209, +5, -208, +210, -4, +33824,
-1033, +33000,
-1020, +938, -182, +33, -179, +33, -180, +34, -182, +31, -180, +34, -179, +33, -180, +33, -179, +33, -179, +260, -4, +6, -208, +7, -207, +5, -208, +7, -207, +5, -209, +6, -207, +209, -4, +33830,
-1025, +33010,
-1032, +940, -180, +33, -180, +32, -180, +34, -180, +34, -180, +34, -179, +34, -180, +33, -178, +34, -180, +261, -3, +7, -208, +6, -208, +5, -209, +5, -208, +6, -209, +5, -208, +210, -4, +33818,
-1020, +33013,
-1026, +940, -180, +33, -180, +32, -180, +33, -180, +32, -180, +31, -182, +31, -181, +34, -180, +31, -182, +261, -4, +7, -208, +7, -208, +6, -208, +7, -208, +5, -209, +5, -208, +210, -4, +33825,
-1032, +33004,
-1021, +940, -180, +34, -179, +34, -180, +34, -181, +33, -180, +34, -180, +32, -181, +32, -181, +32, -181, +260, -4, +6, -208, +6, -208, +5, -208, +6, -208, +5, -209, +5, -209, +208, -4, +33829,
-1026, +33008,
-1031, +940, -179, +36, -177, +32, -181, +28, -184, +33, -180, +32, -180, +33, -180, +34, -179, +32, -182, +311, -4, +7, -207, +6, -208, +6, -207, +6, -208, +6, -208, +5, -208, +210, -4, +33766,
-1023, +33009,
-1028, +940, -179, +34, -180, +33, -180, +33, -181, +34, -180, +34, -179, +34, -180, +33, -179, +32, -181, +277, -3, +7, -209, +5, -208, +7, -208, +5, -209, +5, -208, +5, -209, +210, -3, +33808,
-1031, +33003,
-1020, +939, -180, +35, -177, +34, -180, +34, -181, +33, -180, +32, -181, +33, -181, +33, -180, +32, -180, +261, -4, +6, -208, +5, -209, +5, -208, +6, -208, +5, -208, +6, -208, +209, -3, +33834,
-1023, +33006,
-1031, +940, -179, +35, -178, +32, -182, +33, -180, +34, -180, +34, -179, +34, -180, +33, -179, +34, -180, +260, -3, +7, -209, +5, -208, +5, -209, +5, -209, +5, -208, +5, -209, +209, -3, +33818,
-1020, +33015,
-1028, +940, -178, +33, -180, +33, -180, +33, -179, +33, -181, +33, -179, +33, -181, +34, -179, +34, -180, +261, -3, +6, -209, +5, -208, +5, -209, +5, -208, +6, -207, +5, -209, +210, -3, +33825,
-1032, +33002,
-1020, +939, -180, +33, -178, +33, -180, +33, -180, +33, -179, +35, -177, +34, -180, +34, -180, +33, -180, +261, -3, +8, -208, +5, -209, +5, -207, +5, -209, +5, -207, +6, -208, +210, -3, +33832,
-1025, +33012,
-1031, +940, -178, +33, -180, +33, -180, +33, -179, +33, -180, +33, -179, +33, -180, +34, -180, +32, -181, +261, -3, +7, -209, +5, -207, +7, -207, +5, -209, +6, -207, +5, -209, +210, -2, +33819,
-1020, +3, -8, +7, -209, +5, -209, +6, -207, +5, -208, +5, -209, +414, -3, +7, -207, +7, -208, +7, -207, +5, -209, +5, -209, +5, -207, +7, -207, +89, -209, +4, -207, +5, -208, +4, -209, +5, -207, +6, -209, +6, -209, +5, -208, +90, -208, +5, -208, +5, -208, +6, -208, +5, -207, +6, -208, +7, -207, +5, -209, +90, -207, +5, -209, +4, -207, +5, -208, +5, -208, +6, -209, +5, -208, +7, -208, +73, -208, +7, -207, +4, -208, +5, -208, +6, -207, +7, -207, +5, -209, +5, -209, +226, -206, +7, -207, +6, -208, +5, -208, +7, -207, +5, -208, +4, -209, +6, -207, +73, -208, +6, -209, +5, -207, +5, -207, +6, -208, +6, -209, +5, -207, +5, -209, +90, -207, +6, -208, +4, -207, +6, -208, +6, -209, +5, -208, +6, -208, +5, -209, +91, -208, +5, -208, +4, -209, +4, -209, +5, -208, +6, -208, +6, -209, +5, -208, +90, -208, +7, -207, +5, -208, +6, -207, +6, -208, +6, -207, +6, -208, +5, -209, +11668,
-1026, +13945,
-1020, +940, -180, +32, -180, +34, -180, +33, -180, +32, -180, +33, -179, +32, -181, +34, -180, +32, -181, +261, -2, +6, -209, +5, -209, +6, -207, +6, -209, +5, -208, +7, -208, +210, -2, +33830,
-1026, +33010,
-1031, +939, -179, +35, -178, +33, -181, +33, -179, +34, -180, +33, -179, +32, -181, +33, -179, +33, -181, +261, -2, +6, -209, +6, -207, +5, -209, +6, -208, +5, -208, +7, -207, +210, -3, +33818,
-1021, +33012,
-1026, +940, -179, +30, -184, +33, -180, +34, -179, +34, -180, +34, -179, +33, -179, +32, -181, +33, -180, +261, -2, +6, -208, +7, -208, +5, -209, +6, -208, +5, -209, +5, -209, +209, -3, +33824,
-1031, +33006,
-1020, +939, -180, +34, -179, +33, -180, +34, -179, +33, -181, +33, -179, +34, -180, +31, -181, +32, -182, +328, -4, +7, -207, +6, -208, +6, -209, +5, -208, +6, -208, +5, -209, +210, -3, +33763,
-1025, +33004,
-1019, +939, -179, +34, -179, +32, -180, +33, -180, +33, -179, +34, -180, +33, -179, +34, -180, +33, -181, +260, -4, +7, -208, +7, -207, +5, -208, +7, -207, +5, -209, +5, -207, +210, -4, +33893,
-1030, +32949,
-1026, +940, -180, +33, -179, +34, -180, +33, -179, +33, -180, +33, -179, +33, -181, +34, -179, +34, -180, +261, -3, +6, -209, +5, -208, +5, -209, +6, -209, +5, -208, +7, -208, +210, -2, +33825,
-1032, +33000,
-1024, +940, -179, +36, -178, +31, -183, +32, -181, +33, -180, +33, -179, +33, -180, +32, -180, +33, -181, +261, -2, +6, -208, +7, -207, +5, -209, +6, -208, +5, -208, +5, -209, +210, -3, +33829,
-1026, +33005,
-1031, +940, -180, +33, -179, +32, -181, +33, -179, +33, -181, +33, -179, +33, -181, +34, -180, +33, -180, +261, -2, +6, -209, +5, -208, +7, -207, +5, -209, +5, -208, +7, -208, +210, -2, +33819,
-1020, +33016,
-1025, +941, -179, +34, -179, +34, -180, +34, -179, +34, -180, +34, -179, +34, -180, +33, -180, +32, -180, +261, -2, +6, -209, +6, -208, +6, -208, +6, -209, +5, -208, +7, -208, +209, -3, +33824,
-1031, +33001,
-1020, +941, -179, +33, -179, +33, -181, +32, -181, +32, -180, +32, -180, +33, -181, +33, -181, +32, -181, +261, -3, +7, -209, +5, -209, +5, -208, +7, -208, +5, -208, +7, -207, +210, -2, +33831,
-1025, +33011,
-1032, +940, -180, +34, -179, +32, -181, +34, -180, +32, -181, +34, -181, +33, -180, +34, -181, +33, -180, +260, -4, +7, -208, +5, -209, +4, -207, +6, -208, +6, -209, +5, -208, +210, -4, +33821,
-1018, +33013,
-1027, +939, -179, +33, -177, +35, -179, +34, -179, +34, -180, +32, -180, +34, -180, +34, -181, +32, -180, +261, -3, +7, -209, +5, -208, +7, -207, +5, -209, +6, -207, +6, -208, +210, -3, +33823,
-1032, +33006,
-1021, +940, -179, +34, -178, +33, -180, +34, -179, +33, -181, +33, -179, +33, -181, +34, -179, +34, -180, +261, -3, +7, -209, +5, -208, +5, -209, +5, -209, +5, -208, +6, -209, +210, -2, +33829,
-1026, +33010,
-1030, +941, -178, +35, -178, +32, -180, +33, -180, +33, -178, +33, -181, +34, -178, +34, -180, +31, -182, +261, -4, +7, -206, +7, -208, +5, -208, +7, -208, +5, -209, +6, -207, +210, -3, +33816,
-1022, +33046,
-1025, +940, -179, +32, -181, +32, -182, +34, -179, +34, -180, +34, -179, +33, -181, +34, -179, +34, -180, +262, -3, +7, -207, +6, -208, +5, -209, +5, -208, +6, -209, +5, -209, +208, -4, +33790, -43, +39839,
-1053, +31866,
-1110, +940, -180, +35, -177, +34, -180, +33, -181, +33, -180, +34, -179, +34, -180, +33, -180, +32, -180, +261, -4, +6, -208, +6, -209, +5, -208, +7, -207, +5, -208, +7, -207, +209, -3, +33740,
-1047, +32994,
-1051, +939, -180, +32, -180, +33, -181, +33, -180, +34, -180, +33, -179, +34, -180, +34, -181, +32, -180, +261, -3, +8, -208, +5, -209, +5, -208, +5, -209, +5, -207, +6, -208, +209, -3, +33796,
-1043, +32993,
-1048, +940, -181, +33, -179, +34, -180, +33, -179, +33, -180, +33, -179, +33, -181, +34, -180, +32, -180, +278, -4, +6, -208, +6, -209, +5, -208, +7, -207, +5, -208, +7, -207, +210, -3, +33782,
-1056, +32975,
-1045, +939, -180, +35, -178, +34, -180, +31, -181, +34, -180, +31, -182, +34, -180, +33, -181, +31, -181, +261, -3, +8, -208, +5, -209, +5, -208, +5, -209, +5, -207, +6, -208, +210, -3, +33805,
-1051, +32987,
-1055, +941, -179, +33, -179, +33, -180, +33, -180, +30, -182, +33, -179, +29, -184, +33, -180, +32, -180, +261, -4, +7, -207, +6, -208, +5, -208, +7, -207, +5, -209, +6, -207, +210, -3, +33851,
-1056, +32919,
-1087, +940, -178, +33, -179, +32, -182, +32, -179, +33, -180, +33, -179, +34, -180, +34, -179, +34, -180, +260, -4, +7, -207, +6, -208, +5, -209, +5, -208, +5, -209, +5, -209, +210, -2, +33778,
-1079, +3, -12, +6, -207, +7, -208, +209, -4, +6, -209, +209, -3, +91, -209, +5, -208, +6, -208, +5, -207, +6, -208, +6, -208, +5, -209, +210, -3, +244, -207, +7, -207, +3, -209, +5, -208, +5, -207, +6, -208, +5, -209, +6, -209, +90, -208, +5, -208, +6, -208, +4, -208, +6, -206, +6, -207, +5, -208, +5, -207, +92, -207, +6, -208, +5, -208, +5, -208, +6, -207, +5, -208, +5, -209, +5, -207, +91, -206, +6, -208, +5, -207, +7, -208, +5, -208, +6, -208, +5, -207, +5, -208, +90, -209, +5, -207, +5, -209, +6, -209, +5, -208, +6, -209, +5, -208, +7, -207, +771, -206, +5, -209, +5, -207, +7, -207, +6, -209, +5, -208, +6, -209, +5, -208, +75, -206, +5, -209, +5, -208, +5, -209, +5, -207, +5, -208, +5, -208, +6, -209, +107, -208, +5, -208, +5, -209, +5, -208, +6, -209, +5, -207, +5, -207, +6, -207, +74, -209, +5, -208, +7, -208, +5, -208, +7, -207, +210, -3, +6, -208, +6, -208, +11002,
-1046, +13586,
-1058, +940, -179, +35, -178, +32, -181, +32, -181, +34, -180, +34, -179, +34, -179, +34, -181, +33, -180, +261, -4, +7, -208, +6, -208, +5, -208, +5, -208, +6, -209, +5, -208, +210, -4, +33792,
-1047, +32985,
-1051, +941, -179, +33, -179, +33, -180, +34, -180, +31, -182, +35, -177, +33, -181, +34, -180, +34, -179, +261, -4, +7, -207, +5, -209, +6, -207, +5, -209, +6, -208, +7, -208, +210, -3, +33805,
-1053, +32983,
-1059, +940, -178, +34, -179, +33, -180, +33, -179, +32, -182, +33, -179, +34, -180, +32, -180, +34, -180, +261, -3, +7, -208, +5, -208, +7, -207, +5, -209, +6, -207, +7, -208, +210, -2, +33882,
-1059, +32881,
-1055, +940, -178, +33, -178, +32, -180, +33, -180, +32, -180, +34, -179, +32, -181, +34, -180, +34, -180, +260, -4, +7, -207, +6, -207, +6, -208, +7, -208, +6, -209, +5, -207, +210, -4, +33796,
-1043, +32997,
-1080, +940, -179, +34, -180, +33, -180, +34, -180, +33, -181, +33, -180, +33, -181, +32, -181, +34, -180, +259, -4, +6, -208, +7, -207, +5, -209, +5, -208, +5, -209, +5, -209, +209, -3, +33766,
-1106, +2, -92, +5, -208, +5, -210, +4, -208, +209, -3, +5, -209, +90, -208, +5, -209, +4, -208, +5, -207, +7, -208, +5, -209, +4, -209, +6, -206, +262, -206, +6, -208, +5, -209, +6, -209, +5, -208, +6, -208, +7, -206, +4, -209, +90, -206, +5, -208, +5, -208, +4, -208, +5, -207, +6, -209, +6, -206, +5, -207, +276, -208, +4, -209, +5, -207, +6, -209, +5, -207, +5, -208, +7, -206, +5, -209, +90, -207, +7, -207, +4, -209, +5, -208, +6, -207, +6, -207, +7, -208, +6, -209, +90, -207, +6, -207, +5, -209, +4, -209, +5, -207, +5, -207, +5, -209, +5, -208, +158, -206, +5, -208, +5, -208, +6, -209, +5, -207, +5, -209, +5, -208, +5, -208, +73, -209, +5, -207, +7, -208, +6, -209, +6, -208, +6, -208, +5, -208, +7, -207, +243, -208, +5, -209, +5, -207, +5, -209, +5, -208, +5, -208, +6, -209, +5, -208, +296, -2, +211, -2, +7, -208, +6, -208, +6, -209, +5, -208, +210, -3, +6, -208, +11160,
-1043, +13584,
-1055, +940, -179, +34, -178, +32, -182, +34, -179, +34, -180, +34, -178, +34, -180, +33, -179, +33, -180, +261, -3, +6, -208, +7, -208, +5, -209, +6, -208, +5, -209, +5, -209, +208, -4, +33794,
-1044, +32992,
-1049, +938, -182, +32, -180, +33, -179, +34, -180, +34, -179, +35, -178, +32, -182, +34, -179, +33, -181, +260, -3, +7, -207, +6, -208, +6, -207, +6, -208, +6, -209, +5, -208, +210, -4, +33801,
-1054, +32977,
-1042, +940, -181, +33, -179, +33, -180, +33, -180, +34, -178, +33, -179, +34, -180, +34, -180, +34, -179, +261, -3, +8, -207, +5, -209, +6, -207, +6, -208, +6, -207, +7, -208, +210, -3, +33808,
-1049, +32988,
-1054, +940, -179, +34, -179, +32, -181, +34, -180, +34, -180, +34, -179, +34, -180, +31, -181, +34, -180, +261, -3, +7, -207, +6, -208, +6, -209, +5, -208, +6, -209, +5, -209, +210, -3, +33796,
-1042, +32990,
-1082, +942, -178, +35, -178, +34, -180, +32, -180, +34, -180, +34, -179, +33, -180, +34, -179, +33, -180, +261, -2, +6, -208, +7, -207, +5, -208, +6, -207, +6, -208, +6, -208, +210, -3, +33767,
-1122, +3, -11, +5, -207, +6, -209, +209, -3, +8, -208, +209, -4, +91, -208, +7, -207, +4, -209, +5, -207, +6, -209, +5, -208, +6, -208, +7, -207, +141, -207, +4, -208, +5, -207, +5, -208, +7, -208, +5, -209, +6, -209, +5, -208, +90, -208, +5, -208, +4, -209, +7, -205, +5, -208, +5, -207, +5, -209, +5, -207, +295, -2, +209, -3, +210, -2, +209, -4, +211, -3, +209, -4, +210, -3, +5, -207, +73, -209, +6, -207, +7, -208, +4, -209, +6, -207, +5, -208, +7, -208, +6, -208, +90, -208, +5, -209, +4, -209, +5, -207, +5, -207, +5, -209, +5, -208, +5, -208, +74, -207, +5, -209, +6, -207, +5, -209, +5, -208, +7, -208, +5, -208, +7, -207, +73, -208, +6, -208, +6, -209, +5, -207, +5, -209, +5, -208, +6, -208, +5, -209, +73, -208, +5, -208, +6, -208, +5, -209, +5, -208, +6, -209, +5, -209, +5, -207, +499, -208, +210, -3, +210, -2, +211, -3, +211, -3, +7, -209, +210, -2, +211, -3, +11398,
-1042, +13760,
-1054, +941, -179, +33, -178, +32, -180, +35, -179, +34, -179, +33, -181, +32, -180, +34, -180, +33, -180, +261, -4, +7, -207, +5, -209, +6, -207, +6, -208, +6, -209, +5, -208, +210, -3, +33797,
-1043, +32997,
-1049, +940, -179, +34, -180, +32, -182, +33, -180, +34, -180, +34, -179, +34, -180, +32, -181, +34, -180, +261, -3, +6, -208, +6, -208, +5, -209, +5, -208, +5, -209, +5, -209, +209, -3, +33802,
-1054, +32980,
-1043, +941, -179, +35, -178, +34, -180, +34, -181, +33, -180, +34, -179, +34, -180, +33, -181, +32, -180, +296, -3, +7, -207, +7, -208, +6, -209, +5, -208, +5, -209, +5, -209, +210, -3, +33773,
-1049, +32983,
-1054, +942, -178, +35, -179, +34, -180, +32, -180, +34, -180, +33, -180, +34, -180, +33, -179, +34, -180, +277, -3, +7, -209, +5, -208, +7, -208, +5, -209, +5, -208, +5, -209, +210, -3, +33779,
-1043, +32994,
-1082, +940, -179, +34, -179, +33, -180, +33, -179, +33, -180, +33, -179, +33, -181, +34, -179, +34, -180, +261, -3, +7, -209, +5, -208, +5, -209, +6, -209, +5, -208, +6, -209, +210, -2, +33767,
-1089, +3, -40, +5, -209, +6, -208, +5, -209, +209, -3, +4, -207, +91, -207, +5, -209, +6, -208, +5, -207, +6, -208, +6, -209, +5, -209, +5, -208, +142, -207, +6, -207, +6, -208, +5, -209, +6, -208, +5, -207, +7, -208, +4, -208, +90, -207, +5, -209, +5, -208, +5, -209, +5, -209, +4, -209, +5, -209, +4, -208, +89, -208, +7, -206, +6, -208, +5, -209, +5, -209, +5, -207, +6, -208, +6, -208, +74, -207, +5, -207, +6, -207, +5, -208, +6, -207, +4, -209, +5, -207, +6, -209, +90, -208, +5, -209, +5, -208, +7, -207, +5, -209, +5, -208, +5, -209, +5, -209, +73, -208, +4, -209, +5, -207, +6, -207, +5, -209, +5, -208, +5, -209, +5, -208, +90, -208, +5, -209, +5, -208, +6, -208, +5, -209, +5, -208, +7, -208, +5, -208, +75, -206, +5, -208, +6, -208, +6, -209, +5, -208, +5, -207, +5, -207, +5, -209, +481, -4, +7, -209, +6, -208, +6, -209, +4, -209, +5, -207, +210, -3, +6, -208, +11601,
-1043, +13841,
-1053, +940, -178, +33, -180, +33, -180, +33, -179, +33, -181, +32, -180, +33, -181, +34, -179, +34, -180, +278, -4, +6, -208, +6, -208, +5, -208, +6, -209, +4, -208, +7, -207, +210, -3, +33778,
-1045, +32992,
-1049, +940, -179, +37, -177, +32, -181, +32, -181, +33, -180, +33, -179, +32, -181, +34, -179, +33, -181, +295, -3, +7, -209, +5, -209, +5, -208, +5, -209, +5, -207, +6, -208, +209, -3, +33768,
-1054, +32988,
-1056, +941, -178, +33, -179, +33, -180, +34, -179, +32, -180, +33, -179, +33, -181, +34, -180, +34, -179, +278, -4, +7, -208, +6, -208, +5, -208, +7, -207, +5, -208, +7, -207, +210, -3, +33773,
-1049, +32986,
-1055, +940, -180, +33, -179, +34, -180, +32, -182, +32, -181, +33, -179, +34, -180, +31, -181, +34, -179, +260, -4, +7, -207, +6, -208, +6, -208, +5, -208, +5, -209, +5, -208, +210, -3, +33795,
-1044, +32989,
-1083, +940, -179, +32, -180, +33, -181, +34, -179, +34, -180, +33, -179, +34, -180, +34, -179, +33, -181, +261, -3, +7, -209, +5, -208, +7, -207, +5, -209, +5, -207, +6, -208, +209, -3, +33766,
-1088, +3, -10, +5, -208, +5, -207, +5, -207, +209, -2, +6, -208, +90, -208, +5, -208, +6, -207, +5, -208, +3, -209, +6, -207, +7, -207, +6, -208, +244, -206, +6, -208, +4, -209, +5, -207, +5, -208, +7, -208, +5, -209, +6, -208, +90, -207, +5, -208, +5, -207, +4, -208, +5, -208, +4, -209, +6, -209, +4, -209, +90, -207, +5, -207, +6, -208, +6, -209, +4, -209, +5, -207, +6, -208, +6, -208, +91, -206, +5, -207, +6, -207, +5, -208, +6, -207, +4, -209, +5, -206, +5, -209, +90, -208, +6, -208, +5, -209, +5, -208, +7, -208, +5, -209, +5, -208, +5, -209, +617, -207, +5, -208, +7, -207, +5, -209, +6, -207, +5, -209, +5, -209, +5, -208, +91, -207, +5, -209, +5, -207, +5, -209, +4, -209, +5, -208, +5, -208, +5, -209, +158, -208, +5, -208, +5, -209, +4, -209, +6, -208, +5, -208, +5, -209, +6, -207, +90, -209, +209, -3, +6, -208, +6, -207, +6, -208, +6, -208, +209, -3, +7, -209, +11073,
-1044, +13588,
-1054, +940, -179, +36, -178, +34, -180, +34, -179, +34, -180, +34, -179, +33, -180, +31, -182, +33, -180, +261, -3, +6, -209, +5, -208, +5, -209, +5, -208, +6, -208, +5, -209, +209, -3, +33795,
-1043, +32995,
-1048, +938, -181, +32, -180, +33, -181, +33, -180, +33, -179, +33, -179, +33, -181, +33, -180, +32, -180, +261, -2, +6, -209, +4, -209, +5, -208, +6, -209, +5, -208, +7, -207, +210, -2, +33802,
-1053, +32981,
-1042, +941, -178, +36, -178, +33, -179, +33, -180, +33, -180, +33, -179, +32, -182, +34, -179, +33, -181, +363, -3, +7, -209, +6, -208, +6, -208, +5, -209, +5, -208, +5, -209, +209, -3, +33706,
-1047, +32983,
-1053, +939, -180, +33, -179, +34, -180, +33, -180, +32, -180, +34, -179, +32, -181, +34, -180, +32, -180, +261, -4, +7, -208, +6, -209, +5, -208, +7, -207, +5, -208, +7, -207, +209, -3, +33797,
-1042, +32993,
