# MZ-NHF800  Minidisc Recorder remote control dump when pressing "stop" key from a sleep state with 100k pulldown between data and ground
-40912, +910, -201, +8, -195, +2, -196, +4, -195, +4, -195, +2, -198, +3, -195, +4, -195, +3, -197, +237, -3, +2, -190, +3, -197, +2, -197, +2, -196, +3, -196, +2, -196, +202, -3, +33843,
-1007, +130, -4, +5, -207, +6, -207, +6, -209, +6, -208, +5, -208, +7, -206, +5, -209, +584, -3, +6, -208, +7, -207, +5, -209, +7, -208, +5, -208, +5, -207, +6, -208, +89, -207, +6, -207, +5, -201, +2, -196, +3, -196, +2, -195, +3, -195, +2, -197, +185, -200, +3, -196, +3, -195, +3, -195, +3, -198, +3, -195, +3, -196, +3, -194, +82, -202, +2, -196, +3, -197, +3, -195, +3, -197, +2, -196, +3, -196, +3, -196, +84, -199, +2, -195, +2, -196, +3, -196, +3, -197, +2, -198, +3, -195, +3, -197, +84, -201, +2, -197, +3, -197, +3, -196, +3, -196, +2, -198, +3, -196, +2, -197, +67, -200, +3, -197, +3, -196, +2, -196, +4, -196, +2, -196, +3, -196, +3, -197, +101, -199, +2, -197, +2, -196, +3, -198, +3, -194, +3, -196, +3, -196, +3, -197, +82, -201, +2, -196, +3, -196, +2, -197, +3, -197, +3, -197, +3, -196, +3, -196, +83, -200, +3, -197, +2, -196, +2, -196, +2, -196, +3, -196, +3, -197, +3, -197, +11497,
-1014, +11978,
-1015, +918, -202, +10, -203, +11, -203, +11, -202, +11, -203, +12, -202, +10, -203, +11, -203, +10, -203, +261, -4, +7, -208, +5, -209, +6, -207, +6, -208, +6, -207, +6, -208, +210, -3, +33837,
-1020, +33015,
-1009, +918, -200, +12, -201, +10, -203, +12, -202, +10, -204, +11, -201, +10, -204, +10, -202, +9, -203, +260, -3, +5, -209, +6, -208, +5, -208, +5, -209, +6, -207, +5, -209, +208, -4, +33842,
-1015, +33103,
-1020, +917, -202, +11, -202, +10, -203, +11, -203, +10, -203, +10, -203, +10, -203, +10, -203, +10, -203, +261, -4, +6, -208, +5, -209, +5, -208, +6, -208, +5, -208, +6, -208, +209, -3, +33829,
-1010, +33027,
-1015, +916, -202, +10, -202, +11, -202, +10, -202, +11, -202, +10, -203, +11, -203, +11, -203, +10, -203, +261, -4, +7, -207, +5, -209, +6, -207, +6, -208, +5, -208, +7, -208, +210, -2, +33836,
-1020, +33012,
-1010, +917, -201, +10, -202, +11, -201, +10, -202, +11, -202, +10, -203, +10, -203, +11, -203, +10, -203, +261, -3, +7, -208, +5, -207, +7, -207, +5, -209, +6, -207, +7, -208, +210, -2, +33841,
-1015, +33023,
-1020, +917, -201, +10, -202, +10, -204, +10, -202, +9, -202, +10, -204, +10, -203, +11, -202, +10, -203, +260, -3, +5, -209, +4, -208, +5, -207, +5, -209, +5, -208, +5, -209, +209, -4, +33830,
-1010, +33111,
-1015, +917, -202, +10, -203, +11, -202, +10, -202, +11, -202, +10, -203, +10, -203, +11, -203, +10, -203, +261, -3, +7, -209, +5, -207, +7, -207, +5, -209, +6, -207, +5, -209, +209, -2, +33836,
-1020, +33018,
-1008, +918, -201, +11, -202, +10, -203, +11, -203, +10, -203, +11, -202, +10, -203, +10, -202, +11, -202, +262, -3, +7, -209, +5, -208, +6, -208, +5, -209, +5, -208, +7, -207, +209, -3, +33841,
-1015, +33021,
-1020, +917, -201, +11, -202, +10, -203, +10, -203, +10, -203, +12, -200, +11, -202, +12, -201, +11, -202, +261, -4, +6, -208, +6, -208, +5, -208, +7, -207, +5, -209, +6, -208, +209, -4, +33829,
-1010, +33023,
-1015, +916, -203, +10, -203, +11, -202, +10, -203, +10, -203, +12, -201, +10, -203, +12, -202, +10, -203, +261, -4, +7, -207, +6, -208, +5, -207, +6, -208, +5, -208, +5, -208, +210, -4, +33835,
-1020, +33017,
-1009, +916, -202, +10, -203, +10, -203, +11, -203, +10, -203, +10, -203, +10, -203, +11, -203, +10, -203, +261, -3, +7, -209, +5, -208, +7, -208, +5, -209, +5, -207, +6, -208, +210, -3, +33841,
-1015, +33018,
-1020, +919, -200, +10, -203, +11, -204, +11, -203, +11, -203, +10, -202, +12, -203, +11, -203, +10, -203, +278, -2, +6, -209, +5, -207, +7, -208, +6, -209, +5, -208, +6, -208, +210, -2, +33813,
-1009, +33029,
-1015, +918, -201, +10, -203, +11, -202, +10, -204, +9, -203, +10, -203, +10, -203, +10, -203, +11, -202, +278, -3, +5, -207, +5, -209, +5, -207, +5, -208, +5, -207, +5, -209, +209, -2, +33814,
-1007, +33174,
-1020, +916, -201, +11, -202, +10, -203, +11, -203, +10, -204, +11, -201, +10, -204, +10, -201, +10, -204, +262, -3, +7, -208, +7, -208, +5, -209, +5, -208, +5, -209, +5, -208, +210, -3, +33772,
-1015, +33016,
-1020, +918, -202, +10, -202, +10, -204, +10, -202, +10, -203, +10, -201, +11, -204, +11, -203, +10, -203, +329, -3, +7, -208, +7, -208, +6, -208, +7, -207, +7, -208, +6, -209, +209, -4, +33762,
-1009, +3, -3, +3, -202, +5, -208, +6, -208, +5, -209, +5, -208, +601, -4, +5, -209, +6, -209, +6, -208, +5, -208, +6, -208, +6, -209, +5, -209, +88, -207, +6, -206, +5, -209, +5, -207, +5, -209, +5, -208, +5, -209, +5, -208, +174, -207, +4, -209, +5, -206, +5, -209, +5, -208, +6, -207, +7, -206, +5, -208, +90, -209, +6, -208, +4, -208, +6, -206, +7, -207, +5, -209, +5, -209, +7, -207, +90, -208, +5, -208, +5, -209, +4, -207, +7, -206, +5, -208, +5, -209, +6, -207, +90, -209, +5, -208, +5, -209, +5, -207, +6, -208, +5, -209, +5, -208, +6, -208, +90, -208, +6, -209, +4, -209, +5, -207, +6, -207, +5, -209, +5, -208, +5, -208, +124, -208, +5, -208, +5, -209, +5, -208, +6, -209, +4, -209, +5, -207, +6, -207, +158, -207, +5, -209, +4, -209, +5, -208, +5, -208, +5, -209, +6, -208, +6, -209, +90, -208, +5, -209, +5, -208, +7, -207, +5, -209, +5, -208, +5, -209, +5, -209, +11424,
-1016, +13787,
-1008, +917, -201, +11, -202, +10, -203, +11, -203, +10, -203, +12, -201, +10, -203, +11, -202, +10, -203, +278, -4, +7, -207, +6, -208, +6, -208, +5, -208, +6, -209, +5, -209, +209, -4, +33823,
-1015, +33022,
-1020, +919, -200, +12, -201, +10, -203, +11, -202, +9, -203, +10, -204, +10, -202, +11, -202, +10, -201, +261, -3, +5, -208, +6, -209, +5, -208, +5, -209, +5, -208, +6, -209, +208, -4, +33830,
-1009, +33109,
-1014, +918, -200, +11, -202, +10, -203, +10, -203, +10, -203, +12, -201, +10, -202, +10, -202, +11, -202, +261, -3, +7, -208, +6, -208, +5, -208, +7, -207, +5, -208, +7, -207, +209, -3, +33835,
-1020, +33018,
-1009, +918, -201, +10, -202, +10, -203, +10, -202, +11, -202, +11, -201, +11, -202, +12, -202, +10, -203, +261, -4, +7, -207, +5, -209, +6, -207, +6, -208, +5, -209, +5, -208, +210, -2, +33841,
-1015, +33020,
-1021, +916, -200, +12, -202, +11, -202, +10, -203, +11, -203, +10, -203, +10, -203, +11, -203, +10, -203, +363, -4, +6, -208, +6, -209, +5, -208, +7, -207, +5, -208, +7, -207, +210, -3, +33728,
-1009, +33022,
-1015, +918, -201, +10, -202, +11, -203, +10, -202, +10, -204, +10, -202, +11, -204, +11, -203, +10, -203, +260, -4, +7, -208, +7, -207, +5, -209, +5, -207, +5, -209, +6, -209, +210, -2, +33835,
-1021, +33016,
-1008, +917, -201, +12, -201, +10, -203, +11, -203, +10, -203, +12, -201, +10, -203, +11, -202, +9, -202, +261, -3, +6, -208, +6, -209, +5, -208, +5, -209, +5, -208, +6, -209, +208, -4, +33842,
-1015, +33104,
-1022, +917, -201, +11, -202, +10, -203, +10, -203, +10, -203, +11, -202, +11, -202, +10, -202, +11, -201, +261, -3, +6, -209, +6, -207, +6, -206, +6, -209, +5, -208, +6, -209, +209, -3, +33830,
-1009, +33028,
-1015, +917, -201, +12, -201, +10, -204, +10, -203, +9, -203, +11, -203, +10, -202, +11, -202, +10, -203, +260, -3, +6, -209, +6, -208, +5, -208, +5, -209, +6, -208, +6, -209, +208, -4, +33836,
-1021, +33100,
-1009, +917, -202, +10, -203, +11, -202, +12, -202, +11, -203, +12, -201, +10, -204, +10, -203, +9, -203, +261, -2, +6, -207, +5, -208, +5, -208, +6, -209, +5, -208, +5, -209, +208, -4, +33842,
-1015, +33101,
-1021, +918, -202, +11, -205, +8, -203, +10, -203, +12, -202, +11, -202, +12, -203, +9, -203, +11, -204, +260, -3, +7, -209, +6, -207, +6, -208, +6, -207, +6, -208, +5, -209, +209, -3, +33830,
-1009, +33198,
-1014, +919, -200, +12, -201, +11, -204, +11, -203, +9, -203, +12, -203, +11, -203, +10, -203, +11, -202, +260, -3, +5, -208, +5, -208, +6, -208, +6, -209, +5, -207, +5, -209, +208, -4, +33835,
-1021, +33097,
-1010, +917, -203, +11, -202, +10, -203, +10, -203, +10, -203, +11, -202, +10, -203, +10, -202, +10, -203, +262, -3, +7, -209, +6, -208, +6, -208, +5, -209, +5, -208, +5, -209, +209, -3, +33844,
-1013, +33022,
-1020, +917, -201, +10, -202, +10, -203, +10, -202, +11, -202, +11, -202, +11, -202, +10, -203, +10, -202, +261, -4, +7, -207, +5, -209, +6, -208, +7, -208, +5, -208, +7, -208, +210, -3, +33830,
-1008, +33024,
-1015, +917, -201, +11, -202, +10, -203, +11, -203, +10, -203, +12, -201, +10, -203, +10, -202, +11, -202, +261, -3, +8, -208, +6, -209, +5, -208, +5, -209, +5, -208, +7, -207, +210, -3, +33836,
-1020, +33018,
-1010, +918, -201, +11, -202, +11, -203, +11, -203, +10, -203, +10, -203, +10, -203, +11, -203, +10, -203, +108, -208, +5, -208, +5, -209, +5, -208, +6, -208, +5, -209, +5, -208, +210, -4, +363, -3, +6, -208, +6, -209, +5, -208, +7, -207, +5, -209, +6, -207, +6, -208, +278, -3, +7, -208, +5, -209, +5, -208, +7, -207, +6, -209, +6, -208, +7, -208, +295, -208, +5, -208, +6, -208, +5, -207, +6, -208, +6, -209, +5, -208, +7, -208, +90, -208, +6, -209, +4, -209, +5, -207, +5, -207, +5, -209, +5, -208, +5, -209, +90, -208, +7, -208, +5, -208, +7, -207, +5, -209, +6, -207, +7, -208, +6, -209, +90, -207, +5, -207, +5, -209, +4, -211, +3, -209, +4, -208, +6, -208, +6, -208, +90, -209, +5, -208, +7, -207, +5, -208, +5, -209, +6, -207, +6, -208, +6, -207, +533, -207, +5, -208, +5, -209, +6, -209, +5, -208, +7, -208, +5, -208, +7, -207, +90, -207, +5, -207, +5, -209, +5, -208, +5, -209, +6, -208, +5, -209, +3, -200, +237, -199, +3, -198, +3, -195, +3, -198, +3, -195, +3, -197, +2, -196, +2, -198, +82, -202, +3, -196, +3, -196, +3, -198, +3, -196, +2, -197, +2, -197, +3, -198, +11044,
-1007, +3, -149, +11, -203, +259, -3, +7, -209, +5, -208, +7, -208, +5, -208, +5, -209, +5, -208, +208, -3, +33840,
-1013, +788, -201, +12, -201, +10, -204, +10, -201, +9, -203, +10, -202, +11, -202, +11, -203, +9, -204, +260, -3, +7, -207, +4, -209, +5, -208, +5, -207, +6, -208, +6, -209, +210, -4, +33835,
-1020, +33186,
-1010, +917, -201, +10, -202, +11, -202, +10, -202, +11, -202, +10, -203, +11, -202, +10, -203, +11, -201, +261, -2, +6, -209, +5, -209, +6, -206, +6, -209, +5, -208, +7, -208, +210, -3, +33841,
-1015, +33017,
-1020, +915, -202, +10, -203, +11, -202, +10, -202, +11, -202, +11, -202, +11, -203, +12, -202, +10, -204, +260, -4, +7, -207, +5, -209, +6, -208, +5, -208, +5, -209, +5, -208, +210, -4, +33828,
-1010, +33028,
-1015, +917, -201, +10, -202, +10, -203, +10, -202, +11, -202, +11, -202, +11, -202, +10, -203, +11, -203, +296, -3, +7, -208, +6, -208, +5, -209, +5, -208, +7, -208, +5, -209, +208, -4, +33801,
-1020, +33013,
-1010, +917, -201, +11, -204, +8, -204, +11, -202, +10, -202, +11, -204, +11, -203, +11, -203, +10, -203, +260, -2, +5, -209, +5, -207, +6, -208, +5, -209, +5, -208, +5, -209, +209, -4, +33841,
-1015, +33110,
-1020, +918, -201, +11, -202, +10, -203, +12, -201, +10, -203, +12, -202, +11, -203, +10, -201, +11, -204, +260, -4, +6, -208, +7, -207, +5, -208, +7, -207, +5, -209, +5, -206, +209, -4, +33830,
-1008, +33026,
-1015, +917, -201, +11, -202, +10, -203, +10, -203, +10, -203, +12, -201, +10, -203, +10, -202, +10, -203, +262, -4, +6, -208, +6, -209, +5, -208, +7, -208, +5, -208, +7, -208, +209, -3, +33836,
-1020, +33010,
-1009, +918, -202, +10, -203, +11, -202, +10, -203, +11, -202, +11, -202, +10, -203, +11, -203, +10, -203, +261, -4, +7, -207, +5, -209, +5, -207, +6, -208, +6, -207, +6, -208, +210, -2, +33842,
-1015, +33022,
-1020, +917, -201, +12, -201, +10, -203, +11, -203, +10, -204, +11, -201, +10, -203, +11, -201, +10, -203, +261, -4, +6, -208, +7, -207, +5, -208, +7, -207, +5, -209, +5, -208, +209, -4, +33830,
-1009, +33023,
-1015, +917, -201, +10, -203, +11, -202, +10, -202, +11, -203, +12, -201, +11, -203, +12, -202, +10, -203, +261, -4, +7, -207, +6, -208, +6, -207, +6, -208, +5, -209, +5, -208, +210, -4, +33835,
-1020, +33017,
-1009, +917, -201, +10, -202, +10, -203, +10, -203, +10, -203, +12, -202, +11, -202, +10, -202, +11, -203, +261, -2, +8, -207, +6, -209, +5, -208, +6, -209, +5, -209, +6, -207, +210, -3, +33841,
-1015, +33019,
-1020, +917, -201, +11, -202, +11, -202, +11, -203, +10, -204, +10, -202, +11, -204, +11, -203, +10, -203, +261, -3, +7, -208, +7, -208, +5, -209, +5, -207, +7, -207, +5, -209, +210, -2, +33833,
-1006, +33030,
-1013, +919, -200, +12, -201, +10, -203, +10, -203, +10, -203, +12, -201, +11, -202, +12, -201, +11, -204, +260, -4, +6, -208, +7, -208, +4, -208, +7, -207, +5, -209, +6, -207, +209, -4, +33835,
-1022, +33015,
-1008, +916, -201, +11, -202, +10, -203, +11, -203, +10, -203, +12, -201, +10, -203, +10, -202, +11, -202, +262, -4, +6, -208, +6, -209, +5, -208, +7, -207, +5, -208, +7, -207, +210, -3, +33840,
-1015, +33017,
-1020, +917, -202, +10, -201, +10, -203, +11, -201, +11, -202, +11, -202, +11, -204, +11, -203, +9, -203, +261, -3, +5, -208, +7, -207, +6, -207, +5, -209, +5, -208, +5, -209, +209, -4, +33830,
-1009, +3, -163, +5, -209, +6, -209, +5, -208, +5, -207, +7, -207, +364, -3, +6, -208, +5, -209, +5, -207, +6, -208, +5, -209, +6, -208, +5, -208, +75, -206, +6, -208, +5, -208, +5, -209, +5, -207, +5, -208, +6, -207, +5, -209, +73, -207, +6, -207, +6, -209, +6, -208, +5, -209, +4, -208, +7, -206, +5, -209, +90, -208, +3, -209, +5, -206, +6, -209, +6, -208, +5, -208, +7, -208, +5, -208, +92, -207, +5, -209, +4, -209, +5, -206, +6, -207, +6, -208, +7, -207, +5, -208, +296, -207, +7, -207, +5, -209, +6, -208, +5, -208, +5, -209, +5, -208, +7, -207, +90, -208, +5, -208, +5, -209, +6, -207, +5, -209, +5, -208, +5, -207, +6, -208, +90, -208, +5, -208, +7, -208, +5, -209, +5, -208, +5, -209, +5, -209, +5, -208, +90, -207, +6, -209, +5, -207, +5, -209, +4, -209, +6, -208, +5, -208, +5, -209, +90, -207, +6, -208, +6, -207, +6, -208, +6, -209, +5, -208, +7, -207, +5, -209, +11594,
-1015, +13786,
-1009, +917, -201, +11, -201, +10, -204, +10, -202, +9, -202, +11, -203, +10, -202, +11, -202, +10, -203, +259, -2, +5, -209, +5, -208, +5, -207, +5, -209, +5, -208, +5, -207, +209, -4, +33842,
-1014, +33108,
-1021, +918, -201, +12, -202, +11, -203, +11, -203, +11, -203, +10, -203, +10, -203, +11, -203, +10, -203, +261, -3, +7, -209, +5, -209, +6, -207, +5, -209, +6, -207, +6, -208, +210, -2, +33826,
-1013, +33085,
-1006, +917, -201, +10, -202, +10, -203, +10, -203, +9, -202, +10, -203, +10, -202, +11, -202, +10, -203, +260, -4, +5, -208, +6, -209, +5, -207, +5, -207, +6, -208, +6, -209, +210, -3, +33816,
-1007, +33150,
-1006, +918, -201, +10, -202, +11, -202, +10, -202, +11, -202, +11, -202, +11, -203, +11, -203, +10, -203, +261, -4, +7, -207, +5, -209, +6, -207, +7, -208, +5, -208, +7, -208, +210, -2, +33773,
-1015, +33021,
-1020, +918, -200, +11, -201, +11, -203, +10, -203, +10, -203, +10, -203, +10, -203, +11, -203, +10, -203, +261, -3, +7, -207, +6, -208, +6, -208, +5, -208, +7, -207, +5, -209, +209, -4, +33830,
-1008, +33023,
-1013, +918, -201, +12, -201, +11, -203, +11, -203, +10, -203, +11, -202, +11, -202, +10, -203, +11, -202, +261, -3, +6, -209, +5, -208, +6, -208, +5, -209, +5, -208, +6, -208, +209, -3, +33835,
-1022, +33017,
-1009, +919, -200, +12, -201, +11, -203, +12, -203, +9, -203, +10, -204, +10, -203, +9, -204, +10, -203, +259, -4, +6, -208, +5, -207, +6, -208, +5, -209, +5, -208, +7, -208, +210, -3, +33843,
-1014, +33191,
-1020, +917, -201, +11, -202, +10, -203, +11, -203, +10, -203, +12, -201, +10, -203, +10, -203, +10, -203, +261, -3, +8, -208, +5, -209, +5, -208, +5, -209, +5, -208, +6, -208, +209, -3, +33830,
-1009, +33030,
-1014, +918, -202, +10, -203, +11, -203, +11, -203, +10, -203, +10, -203, +10, -203, +11, -203, +10, -203, +261, -3, +7, -209, +5, -208, +7, -207, +5, -209, +6, -207, +5, -209, +210, -3, +33834,
-1021, +33014,
-1009, +918, -200, +11, -199, +10, -204, +10, -202, +11, -203, +10, -202, +12, -203, +11, -203, +10, -203, +261, -3, +6, -208, +7, -208, +5, -209, +5, -207, +7, -207, +5, -209, +209, -3, +33841,
-1015, +33016,
-1021, +917, -203, +10, -203, +11, -202, +10, -203, +11, -203, +10, -203, +10, -203, +11, -203, +10, -203, +261, -3, +6, -207, +5, -209, +6, -207, +6, -208, +6, -207, +7, -208, +210, -2, +33830,
-1009, +33027,
-1015, +917, -201, +11, -202, +10, -203, +11, -203, +10, -203, +11, -202, +11, -202, +10, -202, +11, -202, +261, -3, +6, -209, +5, -209, +5, -208, +7, -207, +5, -208, +5, -208, +209, -3, +33871,
-1019, +32977,
-1010, +917, -201, +10, -203, +11, -203, +11, -203, +11, -203, +12, -201, +10, -203, +11, -203, +10, -203, +261, -3, +8, -208, +5, -209, +6, -207, +6, -208, +6, -207, +6, -208, +210, -2, +33835,
-1021, +33108,
-1021, +917, -201, +11, -202, +10, -203, +10, -203, +10, -203, +12, -202, +11, -202, +10, -202, +11, -202, +261, -2, +6, -209, +5, -209, +5, -208, +6, -209, +5, -208, +7, -208, +210, -3, +33745,
-1009, +33025,
-1015, +917, -201, +11, -202, +10, -203, +11, -203, +10, -203, +12, -201, +10, -203, +11, -203, +10, -203, +261, -4, +7, -208, +5, -209, +5, -208, +6, -207, +6, -207, +6, -208, +210, -3, +33837,
-1020, +33017,
-1010, +918, -200, +11, -203, +11, -202, +10, -203, +10, -203, +10, -203, +10, -203, +11, -203, +10, -203, +108, -208, +5, -208, +6, -209, +5, -208, +7, -207, +5, -209, +6, -207, +209, -4, +296, -3, +7, -207, +5, -209, +5, -209, +6, -207, +7, -208, +5, -208, +7, -208, +294, -4, +5, -209, +5, -208, +6, -208, +5, -207, +6, -208, +5, -209, +5, -208, +584, -208, +6, -208, +7, -207, +7, -208, +6, -209, +6, -208, +6, -208, +5, -208, +75, -206, +5, -209, +5, -208, +5, -209, +4, -208, +5, -208, +5, -208, +4, -209, +243, -208, +6, -208, +6, -209, +5, -208, +5, -207, +6, -207, +5, -209, +5, -208, +73, -208, +6, -209, +5, -209, +6, -207, +5, -209, +6, -207, +6, -208, +5, -209, +90, -207, +5, -208, +5, -208, +6, -209, +5, -207, +5, -209, +5, -208, +6, -209, +90, -208, +6, -209, +5, -208, +5, -209, +5, -208, +7, -207, +5, -209, +5, -208, +91, -208, +4, -209, +5, -207, +6, -207, +5, -209, +5, -208, +5, -208, +6, -208, +345, -208, +6, -209, +4, -209, +5, -207, +6, -208, +6, -209, +5, -208, +5, -209, +192, -207, +7, -206, +5, -209, +5, -208, +5, -207, +6, -207, +7, -208, +5, -208, +10931,
-1012, +3, -64, +10, -202, +260, -4, +6, -208, +7, -208, +6, -208, +5, -208, +7, -207, +5, -208, +209, -3, +33841,
-1015, +788, -202, +10, -203, +11, -203, +10, -201, +9, -202, +10, -203, +10, -203, +10, -203, +10, -202, +261, -2, +4, -209, +4, -209, +5, -207, +6, -209, +5, -208, +5, -209, +209, -3, +33836,
-1020, +33102,
-1009, +917, -201, +11, -202, +10, -203, +10, -203, +10, -203, +11, -203, +11, -202, +10, -202, +11, -202, +261, -2, +6, -209, +6, -208, +5, -208, +5, -209, +5, -208, +7, -207, +209, -3, +33841,
-1015, +33018,
-1020, +915, -201, +10, -202, +11, -202, +10, -202, +11, -202, +11, -202, +11, -202, +12, -202, +10, -204, +260, -4, +7, -207, +6, -208, +6, -207, +7, -208, +5, -209, +5, -207, +210, -4, +33829,
-1010, +33029,
-1015, +918, -202, +10, -202, +10, -203, +10, -202, +11, -202, +10, -203, +11, -202, +10, -202, +11, -203, +261, -2, +8, -208, +6, -209, +5, -208, +6, -208, +5, -208, +7, -207, +210, -2, +33836,
-1020, +33014,
-1008, +916, -202, +10, -203, +11, -202, +10, -202, +11, -203, +12, -201, +10, -203, +12, -202, +10, -203, +261, -4, +6, -207, +5, -209, +6, -207, +6, -208, +6, -208, +5, -208, +210, -3, +33842,
-1015, +33025,
-1020, +918, -201, +12, -201, +10, -203, +12, -202, +10, -203, +12, -201, +10, -204, +10, -202, +9, -202, +261, -3, +6, -209, +6, -208, +5, -208, +5, -209, +5, -208, +6, -209, +208, -4, +33831,
-1009, +33111,
-1015, +917, -202, +10, -203, +11, -202, +12, -203, +10, -204, +10, -202, +11, -204, +11, -203, +9, -203, +261, -2, +5, -208, +6, -208, +6, -208, +6, -209, +5, -207, +5, -209, +208, -4, +33835,
-1020, +33097,
-1009, +917, -203, +10, -203, +11, -203, +11, -203, +10, -202, +10, -203, +10, -203, +11, -203, +10, -203, +261, -3, +7, -209, +5, -208, +7, -207, +5, -209, +5, -207, +6, -208, +209, -3, +33841,
-1015, +33022,
-1020, +918, -200, +11, -203, +11, -202, +10, -202, +11, -202, +10, -203, +11, -203, +11, -203, +10, -203, +260, -2, +6, -209, +5, -207, +5, -209, +4, -209, +5, -208, +7, -208, +210, -2, +33830,
-1009, +33024,
-1015, +917, -201, +11, -201, +10, -204, +10, -202, +9, -202, +10, -204, +10, -202, +11, -202, +10, -202, +313, -2, +5, -208, +5, -209, +6, -208, +6, -209, +5, -208, +5, -207, +210, -4, +33784,
-1021, +33104,
-1008, +918, -201, +11, -202, +10, -203, +11, -203, +10, -203, +12, -202, +11, -202, +10, -202, +11, -202, +261, -3, +6, -208, +5, -209, +5, -208, +7, -207, +5, -209, +5, -208, +209, -3, +33845,
-1012, +33020,
-1022, +917, -200, +12, -201, +12, -202, +10, -202, +11, -202, +10, -201, +12, -203, +11, -201, +11, -203, +261, -2, +6, -208, +7, -206, +5, -209, +6, -207, +5, -209, +6, -208, +210, -2, +33830,
-1009, +33031,
-1014, +917, -202, +12, -201, +11, -204, +11, -203, +10, -203, +10, -203, +10, -203, +10, -203, +10, -203, +261, -3, +7, -208, +6, -208, +6, -209, +5, -208, +7, -208, +5, -209, +209, -3, +33835,
-1021, +33016,
-1008, +916, -201, +11, -202, +10, -203, +11, -203, +10, -203, +12, -201, +10, -203, +10, -203, +11, -202, +262, -3, +8, -208, +6, -209, +5, -208, +5, -209, +5, -208, +7, -207, +209, -3, +33840,
-1015, +33017,
-1021, +917, -200, +10, -203, +11, -203, +11, -203, +10, -203, +10, -203, +10, -203, +11, -203, +10, -203, +261, -3, +8, -208, +5, -209, +5, -207, +5, -209, +6, -207, +6, -208, +210, -3, +33830,
-1009, +3, -11, +5, -208, +5, -209, +5, -208, +5, -209, +5, -207, +448, -3, +4, -208, +5, -207, +6, -207, +4, -208, +6, -207, +5, -209, +5, -207, +91, -208, +6, -209, +4, -208, +7, -206, +5, -207, +5, -209, +6, -208, +6, -208, +91, -206, +5, -209, +5, -208, +4, -209, +5, -205, +6, -209, +5, -208, +5, -209, +90, -208, +5, -209, +5, -207, +6, -208, +4, -209, +5, -207, +5, -208, +6, -208, +75, -206, +5, -208, +6, -209, +4, -209, +4, -208, +5, -206, +5, -208, +6, -208, +226, -206, +5, -208, +6, -208, +6, -209, +5, -208, +5, -207, +6, -207, +5, -209, +73, -208, +7, -207, +5, -208, +7, -207, +5, -209, +6, -208, +5, -209, +5, -209, +90, -208, +5, -208, +5, -209, +4, -209, +6, -208, +5, -208, +5, -209, +6, -208, +90, -209, +5, -208, +5, -209, +5, -207, +6, -208, +5, -209, +5, -208, +5, -209, +90, -208, +6, -209, +4, -209, +5, -209, +4, -208, +5, -209, +6, -208, +5, -208, +11645,
-1016, +13873,
-1009, +917, -201, +10, -202, +10, -203, +11, -201, +11, -202, +11, -202, +11, -202, +12, -202, +11, -203, +261, -4, +7, -207, +6, -208, +6, -207, +6, -208, +6, -208, +5, -208, +210, -2, +33842,
-1014, +33023,
-1021, +918, -202, +10, -203, +11, -202, +10, -202, +11, -202, +10, -203, +11, -203, +11, -203, +11, -203, +261, -3, +6, -209, +5, -209, +5, -208, +6, -209, +5, -208, +7, -207, +210, -2, +33830,
-1008, +33026,
-1015, +917, -201, +11, -202, +10, -203, +11, -203, +10, -203, +11, -202, +10, -203, +10, -203, +11, -202, +262, -3, +7, -209, +5, -208, +6, -208, +5, -209, +5, -208, +6, -208, +209, -3, +33836,
-1021, +33011,
-1008, +918, -201, +12, -201, +11, -204, +11, -203, +9, -204, +10, -203, +11, -203, +10, -203, +11, -202, +259, -3, +7, -208, +5, -208, +5, -208, +5, -208, +5, -207, +5, -209, +208, -4, +33842,
-1013, +33104,
-1006, +917, -202, +10, -203, +11, -203, +11, -203, +10, -203, +12, -201, +10, -203, +11, -203, +10, -203, +261, -4, +7, -208, +5, -209, +5, -208, +6, -208, +6, -209, +5, -208, +210, -3, +33905,
-1019, +32956,
-1015, +916, -201, +10, -203, +11, -201, +10, -202, +11, -202, +11, -202, +10, -202, +10, -203, +10, -203, +261, -3, +8, -207, +5, -209, +6, -207, +6, -208, +6, -207, +7, -208, +210, -2, +33837,
-1020, +33016,
-1009, +920, -201, +12, -201, +11, -203, +10, -203, +11, -203, +10, -202, +11, -204, +11, -202, +10, -203, +261, -3, +7, -207, +6, -207, +6, -209, +5, -208, +6, -208, +5, -209, +210, -3, +33841,
-1015, +33018,
-1021, +916, -202, +10, -203, +10, -203, +11, -203, +10, -203, +10, -203, +10, -203, +10, -203, +10, -203, +261, -3, +7, -209, +5, -209, +5, -207, +5, -209, +5, -207, +6, -208, +208, -3, +33830,
-1010, +33021,
-1015, +919, -200, +11, -202, +12, -203, +11, -203, +10, -203, +10, -203, +10, -203, +11, -203, +10, -203, +261, -3, +7, -209, +5, -208, +6, -208, +5, -209, +6, -207, +5, -209, +210, -2, +33836,
-1020, +33014,
-1008, +917, -203, +9, -204, +10, -203, +10, -203, +11, -201, +12, -202, +10, -202, +11, -202, +10, -203, +259, -3, +7, -208, +5, -208, +5, -207, +5, -209, +5, -208, +6, -209, +209, -4, +33842,
-1014, +33103,
-1020, +917, -202, +10, -202, +10, -203, +10, -203, +10, -203, +12, -201, +10, -203, +11, -201, +11, -202, +261, -4, +6, -208, +6, -209, +5, -208, +7, -207, +5, -208, +6, -208, +209, -4, +33833,
-1005, +33028,
-1015, +917, -201, +11, -202, +10, -203, +11, -203, +10, -203, +11, -202, +10, -203, +10, -203, +11, -202, +261, -3, +6, -209, +5, -209, +5, -208, +5, -209, +5, -208, +6, -208, +209, -3, +33836,
-1020, +33013,
-1009, +916, -202, +10, -203, +11, -203, +11, -203, +11, -203, +10, -203, +10, -203, +11, -203, +10, -203, +261, -3, +7, -209, +5, -209, +6, -207, +5, -209, +6, -207, +6, -208, +210, -2, +33841,
-1015, +33024,
-1020, +917, -201, +11, -202, +10, -203, +11, -203, +10, -203, +12, -201, +10, -202, +10, -202, +11, -202, +262, -4, +6, -208, +5, -209, +5, -208, +7, -208, +5, -208, +7, -208, +209, -3, +33829,
-1009, +33061,
-1013, +916, -201, +12, -201, +10, -203, +11, -201, +11, -203, +10, -201, +11, -204, +11, -203, +9, -204, +260, -3, +5, -209, +5, -207, +5, -207, +5, -209, +5, -208, +5, -209, +209, -4, +33800, -31, +39852,
-1044, +31965,
-1100, +917, -201, +10, -202, +10, -203, +10, -202, +11, -202, +11, -202, +11, -202, +10, -203, +11, -203, +261, -4, +7, -207, +5, -209, +6, -207, +6, -207, +5, -209, +5, -207, +210, -2, +33751,
-1037, +33001,
-1039, +917, -201, +11, -202, +10, -203, +11, -203, +10, -203, +12, -201, +10, -203, +10, -203, +11, -202, +261, -3, +7, -208, +5, -209, +5, -208, +7, -207, +5, -208, +6, -208, +209, -3, +33807,
-1032, +33007,
-1037, +918, -202, +10, -203, +11, -203, +11, -202, +11, -203, +12, -201, +10, -203, +11, -203, +10, -203, +261, -3, +8, -208, +5, -209, +5, -207, +5, -209, +6, -207, +6, -208, +210, -3, +33810,
-1046, +32990,
-1034, +917, -201, +10, -202, +10, -203, +10, -202, +10, -203, +12, -202, +11, -202, +10, -202, +11, -201, +261, -2, +8, -208, +6, -209, +5, -206, +7, -207, +5, -208, +7, -207, +210, -3, +33815,
-1040, +32994,
-1044, +917, -202, +10, -203, +11, -202, +10, -203, +11, -202, +11, -202, +11, -203, +12, -202, +10, -204, +260, -4, +7, -207, +6, -208, +6, -207, +6, -208, +6, -208, +5, -208, +210, -4, +33859,
-1047, +32932,
-1075, +917, -201, +12, -201, +10, -203, +12, -201, +10, -203, +12, -201, +10, -203, +11, -201, +11, -202, +261, -4, +6, -208, +7, -207, +5, -208, +7, -207, +5, -209, +5, -208, +209, -4, +33788,
-1068, +2, -7, +7, -207, +5, -209, +209, -4, +6, -207, +209, -4, +91, -208, +5, -208, +6, -208, +5, -207, +6, -209, +5, -208, +5, -207, +210, -4, +279, -205, +5, -209, +6, -207, +7, -208, +6, -208, +6, -208, +5, -208, +5, -209, +90, -208, +5, -208, +5, -207, +6, -207, +7, -207, +7, -207, +5, -208, +7, -208, +91, -208, +4, -208, +5, -208, +5, -208, +4, -209, +5, -208, +6, -207, +5, -207, +90, -209, +5, -208, +6, -207, +5, -208, +6, -208, +5, -208, +5, -207, +6, -208, +92, -206, +5, -209, +5, -208, +6, -208, +5, -206, +5, -209, +6, -208, +6, -209, +770, -207, +5, -207, +5, -209, +5, -208, +6, -208, +5, -209, +5, -207, +6, -208, +74, -207, +7, -207, +6, -208, +5, -208, +7, -207, +5, -208, +7, -207, +5, -209, +107, -208, +5, -209, +5, -208, +6, -208, +5, -209, +5, -208, +7, -208, +5, -209, +73, -208, +4, -209, +5, -207, +6, -207, +5, -209, +209, -3, +8, -208, +5, -207, +10980,
-1035, +13676,
-1047, +918, -200, +12, -201, +10, -204, +11, -203, +10, -203, +11, -201, +12, -202, +10, -202, +11, -202, +261, -2, +6, -209, +5, -208, +5, -209, +5, -208, +6, -208, +5, -208, +209, -3, +33803,
-1035, +32999,
-1040, +916, -202, +10, -203, +11, -203, +12, -202, +10, -203, +12, -201, +10, -203, +12, -202, +9, -203, +261, -3, +5, -207, +5, -209, +5, -208, +5, -209, +6, -208, +5, -209, +208, -4, +33816,
-1040, +33083,
-1030, +918, -202, +10, -203, +11, -202, +10, -202, +11, -202, +11, -202, +11, -203, +11, -203, +10, -203, +261, -4, +7, -207, +5, -209, +6, -207, +6, -208, +6, -207, +6, -208, +210, -4, +33910,
-1030, +32912,
-1042, +917, -201, +12, -201, +10, -203, +12, -202, +10, -204, +11, -201, +10, -204, +10, -202, +9, -202, +296, -2, +5, -208, +5, -209, +6, -208, +4, -208, +5, -208, +5, -209, +210, -3, +33774,
-1031, +33090,
-1068, +918, -201, +11, -201, +10, -204, +10, -202, +11, -202, +10, -203, +11, -202, +10, -203, +11, -203, +261, -2, +6, -209, +6, -207, +5, -209, +6, -208, +5, -208, +5, -209, +210, -2, +33779,
-1094, +3, -129, +4, -209, +6, -208, +5, -208, +211, -3, +5, -209, +90, -206, +5, -209, +5, -208, +6, -209, +4, -208, +5, -209, +5, -207, +5, -208, +259, -208, +5, -206, +5, -209, +4, -209, +5, -209, +5, -208, +5, -208, +6, -208, +89, -209, +4, -208, +7, -206, +5, -208, +5, -209, +5, -209, +5, -208, +5, -208, +278, -207, +6, -208, +6, -208, +4, -207, +5, -208, +5, -209, +5, -209, +5, -208, +91, -206, +6, -207, +5, -208, +6, -207, +4, -209, +6, -207, +5, -209, +4, -209, +90, -208, +5, -209, +5, -207, +5, -209, +6, -209, +5, -208, +6, -208, +5, -208, +160, -207, +7, -207, +5, -209, +6, -208, +6, -208, +6, -209, +5, -208, +6, -209, +73, -207, +6, -207, +5, -209, +4, -208, +5, -208, +5, -207, +6, -208, +5, -208, +244, -207, +5, -209, +4, -209, +6, -208, +5, -208, +5, -209, +5, -208, +6, -209, +295, -3, +211, -3, +6, -209, +6, -208, +5, -208, +5, -209, +209, -3, +6, -209, +11136,
-1031, +13512,
-1044, +917, -200, +12, -201, +10, -204, +10, -202, +11, -202, +10, -203, +11, -203, +11, -203, +10, -203, +261, -3, +7, -208, +7, -207, +5, -209, +6, -209, +5, -208, +6, -208, +210, -2, +33807,
-1031, +33006,
-1037, +919, -200, +12, -201, +10, -203, +11, -202, +9, -203, +12, -202, +10, -202, +11, -202, +9, -203, +278, -3, +7, -209, +6, -207, +7, -208, +5, -208, +7, -208, +5, -208, +211, -3, +33796,
-1043, +33163,
-1031, +916, -201, +11, -202, +10, -203, +11, -203, +10, -203, +12, -201, +10, -203, +10, -202, +11, -202, +262, -4, +6, -208, +5, -209, +5, -208, +6, -208, +5, -208, +6, -208, +209, -3, +33817,
-1037, +33002,
-1042, +919, -200, +12, -201, +10, -203, +11, -203, +10, -203, +11, -202, +10, -203, +10, -203, +10, -203, +261, -3, +7, -209, +5, -208, +6, -208, +5, -209, +5, -208, +6, -208, +209, -3, +33807,
-1031, +33004,
-1072, +916, -200, +12, -200, +12, -203, +11, -203, +10, -203, +10, -203, +10, -203, +11, -203, +10, -203, +261, -3, +6, -209, +5, -208, +6, -208, +5, -209, +6, -207, +5, -209, +210, -3, +33779,
-1111, +3, -5, +6, -208, +7, -208, +208, -4, +7, -206, +211, -3, +91, -208, +4, -207, +4, -208, +6, -206, +5, -209, +5, -207, +4, -209, +5, -207, +175, -208, +6, -209, +5, -208, +5, -209, +5, -208, +6, -209, +5, -208, +5, -208, +90, -208, +5, -209, +6, -207, +7, -207, +6, -208, +6, -208, +6, -208, +5, -208, +294, -3, +210, -4, +211, -3, +211, -3, +210, -2, +210, -4, +210, -3, +6, -208, +74, -209, +4, -208, +6, -209, +4, -209, +5, -208, +5, -209, +5, -208, +4, -209, +90, -208, +6, -209, +5, -208, +7, -207, +5, -209, +6, -207, +6, -208, +6, -207, +74, -207, +6, -208, +5, -208, +5, -209, +4, -209, +6, -208, +5, -208, +5, -209, +74, -207, +5, -209, +6, -207, +6, -208, +6, -208, +5, -208, +7, -207, +5, -209, +74, -208, +4, -209, +5, -208, +5, -207, +5, -209, +5, -208, +6, -209, +5, -207, +499, -206, +210, -3, +210, -3, +211, -4, +209, -2, +6, -209, +208, -4, +211, -3, +11373,
-1031, +13860,
-1042, +919, -200, +11, -202, +10, -203, +10, -203, +10, -203, +12, -201, +10, -203, +11, -202, +9, -202, +261, -3, +6, -208, +6, -209, +5, -208, +5, -209, +5, -208, +6, -209, +208, -4, +33808,
-1032, +33088,
-1038, +917, -201, +10, -202, +10, -203, +10, -202, +11, -202, +11, -203, +11, -202, +10, -203, +11, -202, +261, -2, +6, -209, +6, -207, +6, -208, +5, -209, +5, -208, +7, -207, +209, -3, +33813,
-1044, +32996,
-1032, +919, -200, +12, -201, +10, -204, +10, -203, +9, -203, +11, -203, +10, -202, +11, -202, +10, -202, +261, -3, +6, -209, +5, -208, +5, -207, +5, -209, +6, -208, +6, -209, +209, -4, +33820,
-1038, +33082,
-1044, +917, -201, +10, -202, +10, -203, +10, -203, +10, -203, +11, -202, +10, -203, +10, -202, +11, -202, +312, -3, +6, -209, +5, -208, +5, -209, +5, -209, +5, -208, +6, -209, +210, -2, +33756,
-1031, +33000,
-1071, +918, -201, +11, -202, +10, -202, +11, -203, +10, -203, +11, -202, +10, -203, +11, -203, +10, -203, +261, -3, +7, -209, +5, -209, +5, -208, +5, -209, +5, -207, +6, -208, +210, -3, +33779,
-1077, +3, -78, +5, -208, +6, -209, +5, -208, +209, -3, +5, -208, +90, -208, +5, -207, +7, -206, +5, -209, +6, -209, +5, -207, +6, -208, +5, -209, +142, -207, +6, -206, +5, -209, +5, -208, +7, -207, +5, -209, +5, -209, +6, -207, +91, -207, +4, -208, +6, -208, +5, -208, +5, -208, +5, -207, +5, -209, +5, -207, +91, -208, +6, -208, +4, -208, +5, -207, +7, -207, +5, -209, +5, -209, +5, -208, +75, -206, +5, -208, +4, -208, +5, -206, +6, -207, +7, -207, +6, -209, +6, -208, +90, -209, +5, -208, +7, -208, +5, -209, +5, -208, +5, -209, +6, -207, +6, -208, +74, -208, +5, -208, +5, -209, +6, -208, +6, -209, +4, -209, +5, -207, +5, -207, +92, -207, +5, -208, +6, -208, +5, -209, +5, -208, +5, -209, +5, -209, +5, -208, +73, -208, +5, -209, +6, -207, +5, -208, +5, -208, +5, -209, +5, -207, +5, -209, +480, -4, +7, -209, +4, -208, +5, -208, +5, -208, +5, -209, +210, -3, +7, -209, +11578,
-1031, +13855,
-1044, +917, -200, +12, -201, +11, -203, +10, -202, +10, -203, +11, -203, +11, -202, +10, -202, +11, -202, +311, -4, +7, -207, +6, -208, +6, -208, +7, -208, +6, -209, +5, -209, +209, -4, +33756,
-1033, +33006,
-1037, +915, -201, +10, -202, +11, -202, +10, -202, +11, -202, +11, -202, +11, -202, +10, -203, +10, -202, +261, -4, +7, -207, +5, -209, +6, -208, +7, -208, +5, -208, +7, -208, +210, -2, +33812,
-1044, +32993,
-1046, +917, -201, +10, -203, +11, -202, +10, -203, +10, -203, +12, -201, +10, -203, +12, -202, +10, -203, +261, -4, +7, -208, +6, -208, +5, -208, +6, -208, +6, -209, +5, -208, +210, -4, +33801,
-1038, +33000,
-1044, +918, -201, +10, -202, +10, -203, +10, -203, +11, -202, +11, -202, +9, -202, +11, -203, +12, -201, +261, -3, +4, -208, +5, -209, +6, -208, +6, -209, +4, -209, +5, -207, +210, -4, +33806,
-1032, +33089,
-1071, +917, -201, +11, -202, +10, -203, +11, -203, +10, -203, +12, -201, +10, -203, +10, -203, +11, -202, +261, -3, +7, -208, +6, -209, +5, -208, +7, -207, +5, -208, +7, -208, +209, -3, +33779,
-1076, +2, -5, +7, -207, +5, -209, +4, -209, +210, -3, +6, -209, +90, -208, +6, -207, +5, -209, +5, -208, +6, -209, +5, -208, +4, -208, +5, -206, +277, -206, +5, -209, +5, -208, +5, -208, +5, -207, +5, -208, +6, -207, +5, -209, +89, -207, +7, -206, +5, -209, +5, -209, +5, -207, +7, -206, +7, -207, +6, -208, +90, -208, +4, -208, +5, -207, +5, -208, +5, -210, +4, -208, +6, -206, +6, -208, +90, -208, +6, -208, +4, -209, +5, -206, +7, -207, +5, -210, +4, -209, +6, -207, +91, -207, +6, -209, +5, -208, +5, -208, +6, -208, +6, -209, +4, -208, +7, -207, +617, -207, +6, -208, +6, -209, +5, -207, +5, -209, +6, -208, +6, -208, +5, -209, +90, -208, +6, -208, +7, -208, +6, -209, +5, -207, +7, -207, +5, -209, +6, -207, +160, -206, +7, -208, +5, -208, +7, -207, +5, -209, +5, -207, +7, -207, +5, -208, +90, -207, +210, -3, +6, -209, +5, -208, +5, -209, +5, -208, +210, -2, +5, -208, +11050,
-1032, +13688,
-1042, +918, -200, +10, -203, +10, -203, +11, -203, +10, -202, +12, -201, +10, -203, +10, -203, +11, -203, +259, -4, +6, -208, +7, -207, +5, -209, +5, -208, +5, -209, +5, -208, +209, -4, +33806,
-1032, +33001,
-1038, +917, -201, +11, -202, +10, -203, +11, -203, +10, -203, +11, -202, +10, -203, +10, -202, +11, -202, +295, -3, +7, -207, +6, -208, +6, -208, +5, -207, +5, -209, +5, -209, +209, -3, +33778,
-1044, +32994,
-1032, +919, -202, +10, -202, +11, -202, +10, -202, +11, -202, +10, -203, +11, -202, +10, -203, +11, -203, +397, -3, +8, -207, +5, -208, +7, -207, +5, -209, +6, -207, +6, -208, +210, -3, +33683,
-1037, +32997,
-1042, +917, -202, +10, -203, +11, -202, +12, -202, +10, -203, +12, -201, +10, -203, +12, -202, +10, -203, +278, -4, +7, -207, +6, -208, +6, -209, +5, -208, +6, -208, +5, -209, +209, -4, +33790,
-1033, +32999,
