# WM-FX855 walkman, no pulldown between data and ground
---
# power on radio from sleep, fwd play direction, preset one, 97.5fm

+5042, -1938, +592, -2047, +2086, -552, +2035, -552, +594, -2099, +593, -1994, +593, -1992, +593, -1994, +593, -389823,
# 01100000

+4896, -1992, +2086, -551, +2034, -552, +595, -1992, +593, -2100, +592, -1993, +592, -1994, +592, -2046, +2193, -2686, +2033, -600, +587, -2039, +587, -2091, +2133, -544, +587, -2040, +2079, -545, +2079, -546, +2133, -546, +587, -2039, +2026, -546, +585, -2039, +2132, -544, +588, -1985, +585, -2040, +2025, -545, +587, -201873,
# 11000001 10010111 01010010

+3, -391, +592, -1991, +592, -1994, +591, -1992, +592, -45299,
# ?0000

+4977, -1939, +591, -2048, +2086, -551, +2033, -553, +593, -2100, +591, -1994, +593, -1994, +593, -1994, +592, -1274413,
# 01100000

# stop button from radio mode, fwd play direction

+5043, -1940, +593, -1994, +593, -1992, +594, -1992, +593, -2100, +591, -2046, +2032, -553, +593, -1993, +593, -338197,
# 00000100

+4900, -1937, +592, -2047, +2085, -552, +2087, -554, +2139, -554, +593, -1994, +593, -1994, +593, -1992, +593, -45299,
# 01110000

+4900, -1939, +592, -2045, +2085, -552, +2033, -553, +593, -2100, +592, -1993, +592, -1993, +593, -1993, +593, -333770,
# 01100000

+4899, -1938, +593, -1993, +593, -1993, +593, -1994, +591, -2101, +593, -2047, +2033, -552, +593, -1994, +593, -1771829,
# 00000100

---
# from stop, play fwd
+5046, -1940, +592, -1986, +587, -1986, +585, -1986, +586, -2148, +2025, -546, +586, -1986, +586, -1987, +585, -73663,
# 00001000

+4893, -1938, +592, -2046, +2086, -553, +2086, -553, +2140, -553, +593, -1993, +592, -1993, +594, -1993, +593, -185562,
# 01110000

+4896, -1937, +593, -2044, +2084, -552, +2034, -553, +593, -2101, +593, -1993, +593, -1993, +592, -1994, +592, -1853590,
# 01100000

# ffwd btn
+5043, -1940, +592, -1993, +593, -2046, +2034, -551, +594, -2101, +591, -1995, +591, -1995, +592, -1993, +594, -206147,
# 00100000

+4898, -1938, +593, -2045, +2085, -553, +2088, -552, +2141, -553, +593, -1993, +593, -1994, +593, -1993, +593, -1828668,
# 01110000

# ffwd btn again
+5042, -1938, +594, -1993, +593, -2046, +2032, -553, +594, -2100, +593, -1993, +593, -1993, +593, -2047, +2140, -1563854,
# 00100001

# ffwd btn again
+5042, -1939, +592, -1993, +592, -2047, +2032, -553, +594, -2100, +593, -1993, +593, -2046, +2034, -553, +593, -1379998,
# 00100010

# ffwd btn again
+5044, -1939, +592, -1993, +593, -2047, +2034, -552, +594, -2100, +593, -1994, +592, -2047, +2087, -553, +2140, -1510823,
# 00100011

# ffwd btn again
+5045, -1939, +591, -1995, +593, -2046, +2033, -553, +595, -2099, +592, -2047, +2033, -553, +592, -1993, +593, -1718714,
# 00100100

+5044, -1939, +592, -1993, +592, -1993, +593, -1994, +593, -2153, +2033, -553, +594, -1993, +592, -1993, +594, -28821,
# 00001000

+5044, -1939, +592, -2046, +2085, -553, +2086, -553, +2141, -553, +593, -1993, +593, -1994, +593, -1993, +593, -1284595,
# 01110000

# stop btn

+5043, -1940, +591, -1994, +593, -1993, +592, -1993, +594, -2100, +592, -2047, +2033, -553, +593, -1993, +594, -1196738,
# 00000100

---

# ffwd button while playing forward, ams 7 to 8
+4899, -1938, +593, -1992, +593, -2046, +2033, -554, +593, -2100, +593, -2047, +2084, -552, +2087, -551, +2141, -1201587,
# 00100111

# ffwd button while playing forward, ams 8 to 9
+4893, -1939, +593, -1994, +593, -2045, +2033, -552, +594, -2153, +2033, -553, +594, -1993, +592, -1993, +593, -1166640,
# 00101000

# stop btn

+5044, -1940, +593, -1993, +592, -1994, +593, -1993, +592, -2100, +593, -2045, +2032, -553, +593, -1993, +593, -1045205,
# 00000100


---
# from off, play fwd
+5023, -1939, +592, -1994, +592, -1994, +587, -1985, +586, -2145, +2025, -545, +586, -1985, +586, -1987, +585, -73664,
# 00001000

+4869, -1938, +591, -2046, +2086, -552, +2086, -553, +2140, -552, +593, -1993, +592, -1994, +592, -1994, +592, -185562,
# 01110000

+4875, -1938, +592, -2047, +2086, -552, +2034, -552, +593, -2100, +592, -1993, +593, -1992, +594, -1992, +594, -1383444,
# 01100000

# play button, reverse play direction (rev now)
+5023, -1938, +592, -1994, +592, -1994, +593, -2046, +2193, -553, +2032, -553, +593, -1994, +592, -1994, +592, -1198154,
# 00011000

# play button, reverse play direction (fwd now)
+5024, -1939, +592, -1994, +592, -1993, +593, -1993, +593, -2155, +2032, -551, +594, -1992, +593, -1992, +594, -1190373,
# 00001000

# stop
+5026, -1939, +592, -1995, +592, -1993, +593, -1993, +593, -2101, +592, -2047, +2032, -552, +594, -1994, +592, -54187,
# 00000100

---

# power on radio from sleep, preset two, 97.9fm

+4900, -1938, +593, -2045, +2086, -553, +2033, -553, +593, -2100, +594, -1993, +593, -1993, +593, -1994, +594, -389822,
# 01100000

+4906, -1992, +2086, -552, +2033, -553, +594, -1994, +594, -2099, +593, -1992, +594, -2047, +2032, -553, +593, -4286, +2033, -606, +593, -2047, +593, -2100, +2140, -552, +594, -2046, +2086, -553, +2086, -553, +2194, -552, +2034, -553, +594, -1994, +592, -2047, +2140, -552, +594, -1993, +593, -2045, +2034, -552, +594, -201880,
# 11000010 10010111 10010010

+3, -483, +592, -1992, +593, -1993, +591, -1992, +592, -45298,
# ?0000

+4984, -1937, +594, -2046, +2086, -553, +2034, -553, +593, -2100, +593, -1994, +592, -1994, +592, -1994, +593, -28220665,
# 01100000


# next preset button (99.5fm preset 3)

+4902, -1992, +2086, -552, +2034, -552, +594, -1994, +594, -2100, +592, -1993, +594, -2047, +2085, -553, +2194, -2686, +2033, -607, +593, -2048, +593, -2100, +2192, -553, +2034, -553, +594, -1994, +594, -2047, +2139, -553, +594, -2046, +2033, -553, +595, -2046, +2140, -553, +594, -1994, +592, -2047, +2034, -551, +593, -48125,
# 11000011 10011001 01010010

+2, -482, +594, -1992, +594, -1993, +591, -1992, +593, -45299,
# ?0000

+4982, -1939, +592, -2047, +2087, -551, +2033, -551, +594, -2100, +593, -1992, +592, -1994, +592, -1994, +594, -31442228,
# 01100000


# prev preset button, 97.9fm preset 2

+4901, -1991, +2087, -552, +2033, -553, +594, -1994, +593, -2099, +594, -1992, +593, -2047, +2032, -552, +593, -4286, +2032, -607, +593, -2047, +593, -2100, +2140, -552, +593, -2047, +2087, -553, +2086, -553, +2193, -552, +2034, -553, +593, -1993, +592, -2047, +2140, -552, +594, -1993, +593, -2047, +2033, -553, +594, -48126,
# 11000010 10010111 10010010

+17, -554, +592, -1993, +593, -1994, +592, -1991, +593, -45299,
# ?0000

+4980, -1938, +592, -2047, +2086, -553, +2033, -553, +595, -2099, +593, -1992, +594, -1993, +593, -1994, +593, -20021323,
# 01100000


# stop button, power off

+4903, -1938, +593, -1991, +593, -1994, +592, -1994, +592, -2100, +594, -2046, +2033, -552, +593, -1994, +594, -338464,
# 00000100

+4904, -1938, +593, -2046, +2085, -552, +2088, -553, +2140, -552, +593, -1994, +592, -1994, +592, -1994, +592, -45300,
# 01110000

+4908, -1939, +592, -2046, +2085, -553, +2034, -553, +593, -2100, +593, -1994, +592, -1993, +592, -1994, +593, -333398,
# 01100000

+4906, -1938, +593, -1991, +593, -1992, +594, -2047, +2140, -552, +593, -2046, +2034, -552, +594, -1993, +593, -874746,
# 00010100

---

# from stopped state, play fwd

+5047, -1940, +594, -1992, +593, -1992, +594, -1993, +594, -2153, +2033, -553, +593, -1994, +593, -1994, +593, -73670,
# 00001000

+4910, -1938, +593, -2044, +2086, -552, +2087, -553, +2140, -552, +593, -1993, +594, -1993, +593, -1993, +593, -185562,
# 01110000

+4904, -1939, +593, -1992, +592, -1994, +592, -1994, +593, -2100, +593, -2046, +2032, -553, +594, -1993, +593, -586217227,
# 000001000


# switch to reverse

+2, -358090,
# button/motor noise?

+5046, -1940, +592, -1993, +594, -1993, +593, -2047, +2193, -551, +2033, -553, +594, -1992, +594, -1992, +593, -73618,
# 00011000

+4908, -1938, +593, -2045, +2085, -553, +2086, -553, +2141, -551, +594, -1993, +593, -1994, +592, -1994, +594, -185455,
# 01110000

+4907, -1938, +593, -2045, +2085, -553, +2033, -553, +594, -2100, +593, -1993, +594, -1993, +592, -1994, +594, -9612235,
# 01100000


# stop

+2, -95581,
# button/motor noise?

+5047, -1940, +594, -1992, +593, -1994, +592, -2047, +2140, -552, +594, -2047, +2032, -553, +593, -1993, +594, -33054,
# 00010100

4915, -1937, +594, -1993, +593, -1994, +592, -2047, +2139, -553, +594, -2046, +2033, -553, +591, -1995, +594, -190735,
# 00010100

---

# from playing fwd state, press ffwd button

+5049, -1940, +594, -1992, +593, -2046, +2034, -552, +595, -2099, +592, -1992, +594, -1992, +593, -1993, +594, -202361,
# 00100000

+4906, -1938, +594, -2045, +2086, -552, +2087, -553, +2141, -551, +594, -1993, +593, -1992, +594, -1994, +592, -4176553,
# 01110000

# press play button

+5051, -1940, +594, -1991, +593, -1992, +593, -1993, +593, -2153, +2033, -553, +595, -1993, +594, -1993, +593, -201560,
# 00001000

+4907, -1938, +593, -2046, +2085, -553, +2086, -553, +2140, -553, +593, -1992, +594, -1993, +592, -1994, +594, -4216296,
# 01110000

---

# from playing fwd state, press rwd button

+5050, -1940, +592, -2047, +2033, -553, +594, -1993, +593, -2099, +594, -1993, +593, -1993, +592, -1994, +594, -206466,
# 01000000

+4905, -1939, +593, -2045, +2085, -553, +2087, -553, +2141, -551, +595, -1993, +594, -1993, +592, -1994, +593, -3222791,
# 01110000


# press play button

+5049, -1940, +594, -1993, +593, -1993, +593, -1993, +593, -2153, +2032, -553, +595, -1993, +594, -1993, +593, -970, +2, -200563,
# 00001000

+4795, -1938, +593, -2046, +2085, -552, +2088, -553, +2140, -552, +594, -1993, +593, -1992, +592, -1994, +594, -3391605,
# 01110000

---

# from playing reverse state, press ffwd button

+5051, -1939, +594, -1993, +594, -2046, +2086, -553, +2140, -552, +595, -1992, +592, -1994, +592, -1994, +594, -194681,
# 00110000

+4905, -1939, +593, -2044, +2086, -553, +2087, -553, +2140, -552, +593, -1993, +593, -1993, +594, -1992, +593, -3852535,
# 0111000

# play button

+5049, -1940, +594, -1993, +593, -1992, +593, -2047, +2193, -553, +2034, -553, +594, -1994, +592, -1994, +594, -201455,
# 00011000

+4906, -1938, +593, -2044, +2086, -552, +2088, -553, +2140, -552, +593, -1993, +594, -1993, +594, -1993, +593, -3136352,
# 01110000

---

# from playing reverse state, press rwd button

+5049, -1939, +593, -2046, +2032, -553, +594, -2047, +2140, -552, +593, -1993, +594, -1993, +593, -1993, +594, -212601,
# 0101000

+4906, -1939, +594, -2046, +2085, -553, +2086, -553, +2140, -552, +594, -1993, +593, -1993, +594, -1994, +592, -3558575,
# 01110000

# play button

+5049, -1940, +593, -1992, +593, -1992, +592, -2047, +2194, -551, +2033, -553, +593, -1994, +592, -1994, +593, -8217, +3, -193208,
# 00011000

+4708, -1938, +593, -2045, +2085, -553, +2086, -553, +2140, -552, +593, -1994, +593, -1994, +592, -1994, +594, -2255061,
# 01110000




